OTU,Kingdom,Phylum,Class,Order,Family,Genus,Species,Type,baseMean,log2FoldChange,lfcSE,stat,pvalue,padj,reject,df,is_da
AACATAGGGGGCAAGCGTTGTCCGGAATCACTGGGCGTAAAGGGCGCGTAGGTGGTCTGTTAAGTCAGATGTGAAATGTAAGGGCTCAACCCTTAACGTGCATCTGATACTGGCAGACTTGAGTGCGGAAGAGGCAAGTGGAATTCCTAGTGTAGCGGTGAAATGCGTAGATATTAGGAGGAACACCAGTGGCGAAGGCGACTTGCTGGGCCGTAACTGACGCTGAGGCGCGAAAGCGTGGGGAGCAAACAGG,Bacteria,Firmicutes,Clostridia,Peptococcales,Peptococcaceae,Peptococcus,,Bacteria*Firmicutes*Clostridia*Peptococcales*Peptococcaceae*Peptococcus*_,1256.3819917418045,0.00027311887327522154,0.00036876069108666043,0.740639878047732,0.46081861966786297,0.9539541331513363,0,91,False
AACGTAGGGTGCAAGCGTTGTCCGGAATTACTGGGTGTAAAGGGAGCGCAGGCGGACCGGCAAGTTGGAAGTGAAAACCATAGGCTCAACCTATGGATTGCTTTCAAAACTGCTGGCCTTGAGTAGTGCAGAGGTAGGTGGAATTCCCGGTGTAGCGGTGGAATGCGTAGATATCGGGAGGAACACCAGTGGCGAAGGCGACCTACTGGGCACCAACTGACGCTGAGGCTCGAAAGCATGGGTAGCAAACAGG,Bacteria,Firmicutes,Clostridia,Oscillospirales,Ruminococcaceae,Subdoligranulum,,Bacteria*Firmicutes*Clostridia*Oscillospirales*Ruminococcaceae*Subdoligranulum*_,1256.3819917418045,-2.8897154008775816e-06,4.549242526204104e-05,-0.06352080339160913,0.9494911162568171,0.9930777837826986,0,91,False
AACGTAGGGTGCAAGCGTTGTCCGGAATTACTGGGTGTAAAGGGAGCGCAGGCGGACCGGCAAGTTGGAAGTGAAAACTATGGGCTCAACCCATAAATTGCTTTCAAAACTGCTGGCCTTGAGTAGTGCAGAGGTAGGTGGAATTCCCGGTGTAGCGGTGGAATGCGTAGATATCGGGAGGAACACCAGTGGCGAAGGCGACCTACTGGGCACCAACTGACGCTGAGGCTCGAAAGCATGGGTAGCAAACAGG,Bacteria,Firmicutes,Clostridia,Oscillospirales,Ruminococcaceae,Subdoligranulum,,Bacteria*Firmicutes*Clostridia*Oscillospirales*Ruminococcaceae*Subdoligranulum*_,1273.8291610516987,0.0006448652904422426,0.004827161197391834,0.13359099977657057,0.8940209936463899,0.9930777837826986,0,91,False
AACGTAGGGTGCAAGCGTTGTCCGGAATTACTGGGTGTAAAGGGAGCGCAGGCGGACCGGCAAGTTGGAAGTGAAAACTATGGGCTTAACCCATAAATTGCTTTCAAAACTGCTGGCCTTGAGTAGTGCAGAGGTAGGTGGAATTCCCGGTGTAGCGGTGGAATGCGTAGATATCGGGAGGAACACCAGTGGCGAAGGCGACCTACTGGGCACCAACTGACGCTGAGGCTCGAAAGCATGGGTAGCAAACAGG,Bacteria,Firmicutes,Clostridia,Oscillospirales,Ruminococcaceae,Subdoligranulum,,Bacteria*Firmicutes*Clostridia*Oscillospirales*Ruminococcaceae*Subdoligranulum*_,1256.533439953442,6.933081912833611e-05,0.0002732583414643476,0.2537189487310923,0.8002850588660468,0.9930777837826986,0,91,False
AACGTAGGGTGCAAGCGTTGTCCGGAATTACTGGGTGTAAAGGGAGCGCAGGCGGACCGGCAAGTTGGAAGTGAAATCCATGGGCTCAACCCGTGAATTGCTTTCAAAACTGCTGGCCTTGAGTAGTGCAGAGGTAGGTGGAATTCCCGGTGTAGCGGTGGAATGCGTAGATATCGGGAGGAACACCAGTGGCGAAGGCGACCTACTGGGCACCAACTGACGCTGAGGCTCGAAAGCATGGGTAGCAAACAGG,Bacteria,Firmicutes,Clostridia,Oscillospirales,Ruminococcaceae,Subdoligranulum,,Bacteria*Firmicutes*Clostridia*Oscillospirales*Ruminococcaceae*Subdoligranulum*_,1258.4243094245066,-0.0006269619100293391,0.0009338782888301997,-0.6713529134665802,0.503696389677682,0.9539541331513363,0,91,False
AACGTAGGGTGCAAGCGTTGTCCGGAATTACTGGGTGTAAAGGGAGCGCAGGCGGATTGGCAAGTTGGGAGTGAAATCTATGGGCTCAACCCATAAATTGCTTTCAAAACTGTCAGTCTTGAGTGGTGTAGAGGTAGGCGGAATTCCCGGTGTAGCGGTGGAATGCGTAGATATCGGGAGGAACACCAGTGGCGAAGGCGGCCTACTGGGCACTAACTGACGCTGAGGCTCGAAAGCATGGGTAGCAAACAGG,Bacteria,Firmicutes,Clostridia,Oscillospirales,Ruminococcaceae,UBA1819,,Bacteria*Firmicutes*Clostridia*Oscillospirales*Ruminococcaceae*UBA1819*_,1257.7252943859307,0.000639003791301631,0.0007080286516212246,0.9025112046503451,0.36916808386310374,0.9401785925871162,0,91,False
AACGTAGGGTGCAAGCGTTGTCCGGAATTACTGGGTGTAAAGGGAGCGCAGGCGGATTGTCAAGTTGGGAGTGAAATCTATGGGCTCAACCCATAAATTGCTTTCAAAACTGTCAGTCTTGAGTGGTGTAGAGGTAGGCGGAATTCCCGGTGTAGCGGTGGAATGCGTAGATATCGGGAGGAACACCAGTGGCGAAGGCGGCCTACTGGGCACTAACTGACGCTGAGGCTCGAAAGCATGGGTAGCAAACAGG,Bacteria,Firmicutes,Clostridia,Oscillospirales,Ruminococcaceae,UBA1819,,Bacteria*Firmicutes*Clostridia*Oscillospirales*Ruminococcaceae*UBA1819*_,1256.3819917418045,0.000236497174512731,0.0003372836179682203,0.7011819190548838,0.48497871560626793,0.9539541331513363,0,91,False
AACGTAGGGTGCAAGCGTTGTCCGGAATTACTGGGTGTAAAGGGAGCGCAGGCGGGAAGACAAGTTGGAAGTGAAAACCATGGGCTCAACCCATGAATTGCTTTCAAAACTGTTTTTCTTGAGTAGTGCAGAGGTAGATGGAATTCCCGGTGTAGCGGTGGAATGCGTAGATATCGGGAGGAACACCAGTGGCGAAGGCGGTCTACTGGGCACCAACTGACGCTGAGGCTCGAAAGCATGGGTAGCAAACAGG,Bacteria,Firmicutes,Clostridia,Oscillospirales,Ruminococcaceae,Subdoligranulum,,Bacteria*Firmicutes*Clostridia*Oscillospirales*Ruminococcaceae*Subdoligranulum*_,1289.658359798191,-0.015911867756115146,0.007769488949127096,-2.047994129382583,0.04344226624783772,0.8826670779283483,0,91,False
AACGTAGGGTGCAAGCGTTGTCCGGAATTACTGGGTGTAAAGGGAGCGCAGGCGGGAAGGCAAGTTGGAAGTGAAAACCATGGGCTCAACCCATGAATTGCTTTCAAAACTGTTTTTCTTGAGTAGTGCAGAGGTAGATGGAATTCCCGGTGTAGCGGTGGAATGCGTAGATATCGGGAGGAACACCAGTGGCGAAGGCGGTCTACTGGGCACCAACTGACGCTGAGGCTCGAAAGCATGGGTAGCAAACAGG,Bacteria,Firmicutes,Clostridia,Oscillospirales,Ruminococcaceae,Subdoligranulum,,Bacteria*Firmicutes*Clostridia*Oscillospirales*Ruminococcaceae*Subdoligranulum*_,1257.9413369490524,-0.0015122538728053654,0.000873941929185849,-1.730382560102315,0.08695182600266022,0.8826670779283483,0,91,False
AACGTAGGTCACAAGCGTTGTCCGGAATTACTGGGTGTAAAGGGAGCGCAGGCGGGAAGACAAGTTGGAAGTGAAATCCATGGGCTCAACCCATGAACTGCTTTCAAAACTGTTTTTCTTGAGTAGTGCAGAGGTAGGCGGAATTCCCGGTGTAGCGGTGGAATGCGTAGATATCGGGAGGAACACCAGTGGCGAAGGCGGCCTACTGGGCACCAACTGACGCTGAGGCTCGAAAGTGTGGGTAGCAAACAGG,Bacteria,Firmicutes,Clostridia,Oscillospirales,Ruminococcaceae,Faecalibacterium,prausnitzii,Bacteria*Firmicutes*Clostridia*Oscillospirales*Ruminococcaceae*Faecalibacterium*prausnitzii,1295.2532804448656,-0.0069836249135769544,0.009356974297118584,-0.7463550386931718,0.45737681128518604,0.9539541331513363,0,91,False
AACGTAGGTCACAAGCGTTGTCCGGAATTACTGGGTGTAAAGGGAGCGCAGGCGGGAAGACAAGTTGGAAGTGAAATCTATGGGCTCAACCCATAAACTGCTTTCAAAACTGTTTTTCTTGAGTAGTGCAGAGGTAGGCGGAATTCCCGGTGTAGCGGTGGAATGCGTAGATATCGGGAGGAACACCAGTGGCGAAGGCGGCCTACTGGGCACCAACTGACGCTGAGGCTCGAAAGTGTGGGTAGCAAACAGG,Bacteria,Firmicutes,Clostridia,Oscillospirales,Ruminococcaceae,Faecalibacterium,,Bacteria*Firmicutes*Clostridia*Oscillospirales*Ruminococcaceae*Faecalibacterium*_,1324.695162561251,-0.007016857424255915,0.012953976242663397,-0.5416759528357153,0.5893655718688801,0.958522368789967,0,91,False
AACGTAGGTCACAAGCGTTGTCCGGAATTACTGGGTGTAAAGGGAGCGCAGGCGGGAAGGCAAGTTGGAAGTGAAATCCATGGGCTCAACCCATGAACTGCTTTCAAAACTGTTTTTCTTGAGTAGTGCAGAGGTAGGCGGAATTCCCGGTGTAGCGGTGGAATGCGTAGATATCGGGAGGAACACCAGTGGCGAAGGCGGCCTACTGGGCACCAACTGACGCTGAGGCTCGAAAGTGTGGGTAGCAAACAGG,Bacteria,Firmicutes,Clostridia,Oscillospirales,Ruminococcaceae,Faecalibacterium,prausnitzii,Bacteria*Firmicutes*Clostridia*Oscillospirales*Ruminococcaceae*Faecalibacterium*prausnitzii,1259.2283170299252,-0.0007759455897592405,0.0014059729889244756,-0.5518922453501856,0.5823750112711001,0.9539541331513363,0,91,False
AACGTAGGTCACAAGCGTTGTCCGGAATTACTGGGTGTAAAGGGAGCGCAGGCGGGAGAACAAGTTGGAAGTGAAATCCATGGGCTCAACCCATGAACTGCTTTCAAAACTGTTTTTCTTGAGTAGTGCAGAGGTAGGCGGAATTCCCGGTGTAGCGGTGGAATGCGTAGATATCGGGAGGAACACCAGTGGCGAAGGCGGCCTACTGGGCACCAACTGACGCTGAGGCTCGAAAGTGTGGGTAGCAAACAGG,Bacteria,Firmicutes,Clostridia,Oscillospirales,Ruminococcaceae,Faecalibacterium,prausnitzii,Bacteria*Firmicutes*Clostridia*Oscillospirales*Ruminococcaceae*Faecalibacterium*prausnitzii,1278.4078976894798,-0.003022000586467168,0.005802040663299657,-0.5208513283236001,0.6037354494435031,0.9598764883716622,0,91,False
AACGTAGGTCACAAGCGTTGTCCGGAATTACTGGGTGTAAAGGGAGCGCAGGCGGGCAGACAAGTTGGAAGTGAAATCCATGGGCTCAACCCATGAACTGCTTTCAAAACTGTATGTCTTGAGTAGTGCAGAGGTAGGCGGAATTCCCGGTGTAGCGGTGGAATGCGTAGATATCGGGAGGAACACCAGTGGCGAAGGCGGCCTACTGGGCACCAACTGACGCTGAGGCTCGAAAGTGTGGGTAGCAAACAGG,Bacteria,Firmicutes,Clostridia,Oscillospirales,Ruminococcaceae,Faecalibacterium,,Bacteria*Firmicutes*Clostridia*Oscillospirales*Ruminococcaceae*Faecalibacterium*_,1256.4794079378223,-6.137567031483032e-05,0.00012061773412326892,-0.5088444975438322,0.6120927621546092,0.9598764883716622,0,91,False
AACGTAGGTCACAAGCGTTGTCCGGAATTACTGGGTGTAAAGGGAGCGCAGGCGGGCGATCAAGTTGGAAGTGAAATCCATGGGCTCAACCCATGAACTGCTTTCAAAACTGATTGTCTTGAGTAGTGCAGAGGTAGGCGGAATTCCCGGTGTAGCGGTGGAATGCGTAGATATCGGGAGGAACACCAGTGGCGAAGGCGGCCTACTGGGCACCAACTGACGCTGAGGCTCGAAAGTGTGGGTAGCAAACAGG,Bacteria,Firmicutes,Clostridia,Oscillospirales,Ruminococcaceae,Faecalibacterium,prausnitzii,Bacteria*Firmicutes*Clostridia*Oscillospirales*Ruminococcaceae*Faecalibacterium*prausnitzii,1257.7599802418993,-0.000737106125905053,0.0011839831398273363,-0.6225647149101695,0.5351275738502255,0.9539541331513363,0,91,False
AACGTAGGTCACAAGCGTTGTCCGGAATTACTGGGTGTAAAGGGAGCGCAGGCGGGCGATCAAGTTGGAAGTGAAATCCATGGGCTCAACCCATGAACTGCTTTCAAAACTGGTCGTCTTGAGTAGTGCAGAGGTAGGCGGAATTCCCGGTGTAGCGGTGGAATGCGTAGATATCGGGAGGAACACCAGTGGCGAAGGCGGCCTACTGGGCACCAACTGACGCTGAGGCTCGAAAGTGTGGGTAGCAAACAGG,Bacteria,Firmicutes,Clostridia,Oscillospirales,Ruminococcaceae,Faecalibacterium,,Bacteria*Firmicutes*Clostridia*Oscillospirales*Ruminococcaceae*Faecalibacterium*_,1263.5229167015991,-0.0034069109834070654,0.002149488316256094,-1.5849869746401355,0.11643843959262226,0.8826670779283483,0,91,False
AACGTAGGTGGCAAGCGTTGTCCGGAATTACTGGGTGTAAAGGGAGCGCAGGCGGAACTGCAAGTTGGATGTCAAATCTACGGGCTCAACCCGTATACGCATTCAAAACTGCGGTTCTTGAGTAGTGCAGAGGTAGGCGGAATTCCCGGTGTAGCGGTGGAATGCGTAGATATCGGGAGGAACACCAGTGGCGAAGGCGGCCTACTGGGCACCAACTGACGCTGAGGCTCGAAAGCATGGGTAGCAAACAGG,Bacteria,Firmicutes,Clostridia,Oscillospirales,Ruminococcaceae,Anaerofilum,,Bacteria*Firmicutes*Clostridia*Oscillospirales*Ruminococcaceae*Anaerofilum*_,1256.4056729079555,1.4659582012678825e-05,5.3985005331485794e-05,0.2715491444830679,0.7865837916590485,0.9930777837826986,0,91,False
AACGTAGGTGGCAAGCGTTGTCCGGAATTACTGGGTGTAAAGGGAGCGCAGGCGGAAGCGCAAGTTGGATGTGAAACCCATGGGCTCAACCCATGGCCTGCATCCAAAACTGTGTTTCTTGAGTAGTGCAGAGGTAGGCGGAATTCCCGGTGTAGCGGTGGAATGCGTAGATATCGGGAGGAACACCAGTGGCGAAGGCGGCCTACTGGGCACCAACTGACGCTGAGGCTCGAAAGCATGGGTAGCAAACAGG,Bacteria,Firmicutes,Clostridia,Oscillospirales,Ruminococcaceae,Anaerofilum,,Bacteria*Firmicutes*Clostridia*Oscillospirales*Ruminococcaceae*Anaerofilum*_,1256.3819917418045,2.5101518950329733e-05,5.2266014350055836e-05,0.48026464735210705,0.6321917123272645,0.9634553159075777,0,91,False
AACGTAGGTGGCAAGCGTTGTCCGGAATTACTGGGTGTAAAGGGAGCGCAGGCGGAAGGACAAGTTGGAAGTGAAACCCACGGGCTCAACCCGTGAACTGCTTTCAAAACTGTTTTTCTTGAGTGGTGTAGAGGTAGGCGGAATTCCCGGTGTAGCGGTGGAATGCGTAGATATCGGGAGGAACACCAGTGGCGAAGGCGGCCTACTGGGCACTAACTGACGCTGAGGCTCGAAAGCATGGGTAGCAAACAGG,Bacteria,Firmicutes,Clostridia,Oscillospirales,Ruminococcaceae,Fournierella,,Bacteria*Firmicutes*Clostridia*Oscillospirales*Ruminococcaceae*Fournierella*_,1257.0547307903087,-0.0006544132991087022,0.0002919738356522913,-2.241342268380638,0.027435722961154582,0.777998715398455,0,91,False
AACGTAGGTGGCAAGCGTTGTCCGGAATTACTGGGTGTAAAGGGAGCGCAGGCGGAAGGACAAGTTGGAAGTGAAACCCACGGGCTCAACTCGTGAACTGCTTTCAAAACTGTTTTTCTTGAGTGGTGTAGAGGTAGGCGGAATTCCCGGTGTAGCGGTGGAATGCGTAGATATCGGGAGGAACACCAGTGGCGAAGGCGGCCTACTGGGCACTAACTGACGCTGAGGCTCGAAAGCATGGGTAGCAAACAGG,Bacteria,Firmicutes,Clostridia,Oscillospirales,Ruminococcaceae,Fournierella,,Bacteria*Firmicutes*Clostridia*Oscillospirales*Ruminococcaceae*Fournierella*_,1256.5441939880297,-0.0001891334482281374,0.00013941000774197473,-1.3566705238134174,0.17824202226249197,0.8826670779283483,0,91,False
AACGTAGGTGGCAAGCGTTGTCCGGAATTACTGGGTGTAAAGGGAGCGCAGGCGGGAGAGCAAGTTGGAAGTGAAATCTGTGGGCTCAACTCACAAATTGCTTTCAAAACTGTTTTTCTTGAGTGGTGTAGAGGTAGGCGGAATTCCCGGTGTAGCGGTGGAATGCGTAGATATCGGGAGGAACACCAGTGGCGAAGGCGGCCTACTGGGCACTAACTGACGCTGAGGCTCGAAAGCATGGGTAGCAAACAGG,Bacteria,Firmicutes,Clostridia,Oscillospirales,Ruminococcaceae,Fournierella,,Bacteria*Firmicutes*Clostridia*Oscillospirales*Ruminococcaceae*Fournierella*_,1256.5732296536394,5.455025148118134e-06,0.00013669293004128912,0.03990714915885117,0.9682545750797451,0.9992408261115441,0,91,False
AACGTAGGTGGCAAGCGTTGTCCGGAATTACTGGGTGTAAAGGGAGCGCAGGCGGGAGAGCAAGTTGGGAGTGAAATCTGTGGGCTCAACCCACAAATTGCTTTCAAAACTGTTTTTCTTGAGTGGTGTAGAGGTAGGCGGAATTCCCGGTGTAGCGGTGGAATGCGTAGATATCGGGAGGAACACCAGTGGCGAAGGCGGCCTACTGGGCACTAACTGACGCTGAGGCTCGAAAGCATGGGTAGCAAACAGG,Bacteria,Firmicutes,Clostridia,Oscillospirales,Ruminococcaceae,,,Bacteria*Firmicutes*Clostridia*Oscillospirales*Ruminococcaceae*_*_,1256.534350492537,-0.0001272040172399478,8.931616213854814e-05,-1.4241993184013844,0.15780895645132953,0.8826670779283483,0,91,False
CACCGGCAGCTCTAGTGGTAGCAGTTTTTATTGGGCCTAAAGCGTCCGTAGCCGGTTTAATAAGTCTCTGGTGAAATCCTGCAGCTTAACTGTGGGAATTGCTGGAGATACTATTAGACTTGAGATCGGGAGAGGTTAGAGGTACTCCCAGGGTAGAGGTGAAATTCTGTAATCCTGGGAGGACCGCCTGTTGCGAAGGCGTCTGACTGGAACGATTCTGACGGTGAGGGACGAAAGCTAGGGGCGCGAACCGG,Archaea,Euryarchaeota,Methanobacteria,Methanobacteriales,Methanobacteriaceae,Methanobrevibacter,,Archaea*Euryarchaeota*Methanobacteria*Methanobacteriales*Methanobacteriaceae*Methanobrevibacter*_,1262.1320520344061,-0.004465003802805111,0.0018035579476559595,-2.475664177360183,0.015149311751688018,0.75962931211253,0,91,False
CACGGGGGATGCGAGCGTTATCCGGATTCATTGGGTTTAAAGGGAGCGTAGGCGGCCCGACAAGTCAGCGGTAAAAGACTGCAGCTAAACTGTAGCGCGCCGTTGAAACTGCCGGGCTAGAGTGCAGACGAGGTTGGCGGAACAGGTGAAGTAGCGGTGAAATGCATAGATATCACCTGGAACCCCGACAGCGAAGGCAGCTGACCAGGCTGTAACTGACGCTGATGCTCGAGAGCGTGGGTAGCGAACAGG,Bacteria,Bacteroidota,Bacteroidia,Bacteroidales,Marinifilaceae,Sanguibacteroides,justesenii,Bacteria*Bacteroidota*Bacteroidia*Bacteroidales*Marinifilaceae*Sanguibacteroides*justesenii,1256.418458490814,-3.12416795219286e-05,5.292745786500714e-05,-0.5902735703198011,0.5564702624236573,0.9539541331513363,0,91,False
GACAGAGGATGCAAGCGTTATCCGGAATGATTGGGCGTAAAGCGTCTGTAGGTGGCTTTTTAAGTCCGCCGTCAAATCCCAGGGCTCAACCCTGGACAGGCGGTGGAAACTACCAAGCTGGAGTACGGTAGGGGCAGAGGGAATTTCCGGTGGAGCGGTGAAATGCGTAGAGATCGGAAAGAACACCAACGGCGAAAGCACTCTGCTGGGCCGACACTGACACTGAGAGACGAAAGCTAGGGGAGCGAATGGG,Bacteria,Cyanobacteria,Cyanobacteriia,Chloroplast,,,,Bacteria*Cyanobacteria*Cyanobacteriia*Chloroplast*_*_*_,1256.3819917418045,1.1294431694283826e-06,4.5380879527963416e-05,0.02488808461132682,0.9801987267112207,0.9999331984954238,0,91,False
TACAGAGGATGCAAGCGTTATCCGGAATGATTGGGCGTAAAGCGTCTGTAGGTGGCTTTTTAAGTCCGCCGTCAAATCCCAGGGCTCAACCCTGGACAGGCGGTGGAAACTACCAAGCTGGAGTACGGTAGGGGCAGAGGGAATTTCCGGTGGAGCGGTGAAATGCGTAGAGATCGGAAAGAACACCAACGGCGAAAGCACTCTGCTGGGCCGACACTGACACTGAGAGACGAAAGCTAGGGGAGCGAATGGG,Bacteria,Cyanobacteria,Cyanobacteriia,Chloroplast,,,,Bacteria*Cyanobacteria*Cyanobacteriia*Chloroplast*_*_*_,1256.456173455145,-4.6839972692088045e-05,6.913792544080743e-05,-0.6774859441246929,0.4998165166994616,0.9539541331513363,0,91,False
TACAGAGGATGCAAGCGTTATCCGGAATTATTGGGCGTAAAGCGTCTGTAGGTGGCTTTTTAAGTCCGCCGTCAAATCCCAGGGCTCAACCCTGGACAGGCGGTGGAAACTACCAAGCTGGAGTACGGTAGGGGCAGAGGGAATTTCCGGTGGAGCGGTGAAATGCGTAGAGATCGGAAAGAACACCAACGGCGAAAGCACTCTGCTGGGCCGACACTGACACTGAGAGACGAAAGCTAGGGTAGCGAATGGG,Bacteria,Cyanobacteria,Cyanobacteriia,Chloroplast,,,,Bacteria*Cyanobacteria*Cyanobacteriia*Chloroplast*_*_*_,1256.3819917418045,-2.8897154008775816e-06,4.549242526204104e-05,-0.06352080339160913,0.9494911162568171,0.9930777837826986,0,91,False
TACAGAGGTCTCAAGCGTTGTTCGGAATCACTGGGCGTAAAGCGTGCGTAGGCGGTTTCGTAAGTCGTGTGTGAAAGGCGGGGGCTCAACCCCCGGACTGCACATGATACTGCGAGACTAGAGTAATGGAGGGGGAACCGGAATTCTCGGTGTAGCAGTGAAATGCGTAGATATCGAGAGGAACACTCGTGGCGAAGGCGGGTTCCTGGACATTAACTGACGCTGAGGCACGAAGGCCAGGGGAGCGAAAGGG,Bacteria,Verrucomicrobiota,Verrucomicrobiae,Verrucomicrobiales,Akkermansiaceae,Akkermansia,muciniphila,Bacteria*Verrucomicrobiota*Verrucomicrobiae*Verrucomicrobiales*Akkermansiaceae*Akkermansia*muciniphila,1258.1792534228637,-0.0017489170195368658,0.0011237028359293946,-1.5563874750661884,0.12308713742638105,0.8826670779283483,0,91,False
TACAGAGGTCTCAAGCGTTGTTCGGAATCACTGGGCGTAAAGCGTGCGTAGGCTGTTTCGTAAGTCGTGTGTGAAAGGCAGGGGCTCAACCCCTGGATTGCACATGATACTGCGAGACTAGAGTAATGGAGGGGGAACCGGAATTCTCGGTGTAGCAGTGAAATGCGTAGATATCGAGAGGAACACTCGTGGCGAAGGCGGGTTCCTGGACATTAACTGACGCTGAGGCACGAAGGCCAGGGGAGCGAAAGGG,Bacteria,Verrucomicrobiota,Verrucomicrobiae,Verrucomicrobiales,Akkermansiaceae,Akkermansia,,Bacteria*Verrucomicrobiota*Verrucomicrobiae*Verrucomicrobiales*Akkermansiaceae*Akkermansia*_,1256.3819917418045,0.0003360051356754972,0.0004719711204921513,0.7119188464860422,0.4783362178378179,0.9539541331513363,0,91,False
TACAGAGGTCTCAAGCGTTGTTCGGAATCACTGGGCGTAAAGCGTGCGTAGGCTGTTTCGTAAGTCGTGTGTGAAAGGCGCGGGCTCAACCCGCGGACGGCACATGATACTGCGAGACTAGAGTAATGGAGGGGGAACCGGAATTCTCGGTGTAGCAGTGAAATGCGTAGATATCGAGAGGAACACTCGTGGCGAAGGCGGGTTCCTGGACATTAACTGACGCTGAGGCACGAAGGCCAGGGGAGCGAAAGGG,Bacteria,Verrucomicrobiota,Verrucomicrobiae,Verrucomicrobiales,Akkermansiaceae,Akkermansia,muciniphila,Bacteria*Verrucomicrobiota*Verrucomicrobiae*Verrucomicrobiales*Akkermansiaceae*Akkermansia*muciniphila,1276.5815141010353,0.0006899213033727577,0.012296523719247133,0.05610702009160999,0.9553795588355808,0.9930777837826986,0,91,False
TACATAGGGGGCAAGCGTTATCCGGAATTATTGGGCGTAAAGCGTGCGTAGGCGGCCACTTAAGTCTGTCGTGAAAGCCCACAGCTTAACTGTGGAGGGTCGATGGAAACTGAGAGGCTTGAATCTAGGAGAGGTAAGTGGAATTCCATGTGTAGCGGTAAAATGCTTAGATATATGGAGGAACACCAGTGGCGAAGGCGGCTTACTGGTCTAGAATTGACGCTGATGCACGAAAGCGTGGGTAGCAAACAGG,Bacteria,Firmicutes,Bacilli,Izemoplasmatales,,,,Bacteria*Firmicutes*Bacilli*Izemoplasmatales*_*_*_,1256.478180625379,0.0009287477131646488,0.0008612469282016575,1.078375646696282,0.28371634453594563,0.8903983302827702,0,91,False
TACATAGGGGGCGAGCGTTATCCGGAATTATTGGGCGTAAAGCGTGCGTAGGCGGCCGTTTAAGTCTGTCGTGAAAGCCCACAGCTTAACTGTGGAGGGTCGATGGAAACTGGATGGCTTGAATCTAGAAGAGGTAAGTGGAATTCCATGTGTAGCGGTAAAATGCTTAGATATATGGAGGAACACCAGTGGCGAAGGCGGCTTACTGGTCTAGCATTGACGCTGAGGCACGAAAGCGTAGGTAGCAAACAGG,Bacteria,Firmicutes,Bacilli,Izemoplasmatales,,,,Bacteria*Firmicutes*Bacilli*Izemoplasmatales*_*_*_,1256.7874835109596,0.00030549012360947314,0.0008597444342744031,0.3553266661938871,0.723167160908048,0.9886333883312699,0,91,False
TACGAAGGGGGCGAGCGTTGTTCGGAATTACTGGGCGTAAAGGGTGTGTAGGCGGTTAAGTAAGATAGTGGTGAAATGCCGGGGCTCAACCTCGGAATTGCCATTATGACTATTTAGCTAGAATGATGCAGAGGATAGCGGAATACCCAGTGTAGAGGTGAAATTCGTAGATATTGGGTAGAACACCAGAGGCGAAGGCGGCTATCTGGGCATTGATTGACGCTGAGGCACGAAAGCATGGGGATCAAACAGG,Bacteria,Proteobacteria,Alphaproteobacteria,Rhodospirillales,,,,Bacteria*Proteobacteria*Alphaproteobacteria*Rhodospirillales*_*_*_,1257.7439480847875,0.0033015148439716124,0.0029092431529662154,1.134836337280864,0.25942427012961233,0.8853818901235723,0,91,False
TACGAAGGGGGCGAGCGTTGTTCGGAATTACTGGGCGTAAAGGGTGTGTAGGCGGTTATGTAAGATAGCGGTGAAATCCCGGGGCTTAACCTCGGAATAGCCGTTATAACTATGTAGCTAGAGTTATGGAGAGGATAGCGGAATACCCAGTGTAGAGGTGAAATTCGTAGATATTGGGTAGAACACCGGTGGCGAAGGCGGCTATCTGGCCATATACTGACGCTGAGGCACGAAAGCATGGGGATCAAACAGG,Bacteria,Proteobacteria,Alphaproteobacteria,Rhodospirillales,,,,Bacteria*Proteobacteria*Alphaproteobacteria*Rhodospirillales*_*_*_,1267.6909805710488,-0.01073188909368803,0.00584789443572508,-1.8351714812303006,0.06974701039489183,0.8826670779283483,0,91,False
TACGGAAGATGCGAGCGTTATCCGGATTTATTGGGTTTAAAGGGAGCGTAGGCGGGCAGTCAAGTCAGCGGTCAAATGGCGCGGCTCAACCGCGTTCCGCCGTTGAAACTGGCAGCCTTGAGTATGCACAGGGTACATGGAATTCGTGGTGTAGCGGTGAAATGCTTAGATATCACGAGGAACTCCGATCGCGCAGGCATTGTACCGGGGCATTACTGACGCTGAGGCTCGAAGGTGCGGGTATCAAACAGG,Bacteria,Bacteroidota,Bacteroidia,Bacteroidales,Prevotellaceae,Paraprevotella,xylaniphila,Bacteria*Bacteroidota*Bacteroidia*Bacteroidales*Prevotellaceae*Paraprevotella*xylaniphila,1256.535368239212,0.002380074932306334,0.00242987357120304,0.9795056666787603,0.3299271037464727,0.9191142356560728,0,91,False
TACGGAAGATGCGAGCGTTATCCGGATTTATTGGGTTTAAAGGGAGCGTAGGCGGGCTTTTAAGTCAGCGGTCAAATGCCACGGCTCAACCGTGGCCAGCCGTTGAAACTGCAAGCCTTGAGTCTGCACAGGGCACATGGAATTCGTGGTGTAGCGGTGAAATGCTTAGATATCACGAAGAACTCCGATCGCGAAGGCATTGTGCCGGGGCATAACTGACGCTGAGGCTCGAAAGTGCGGGTATCAAACAGG,Bacteria,Bacteroidota,Bacteroidia,Bacteroidales,Prevotellaceae,Paraprevotella,,Bacteria*Bacteroidota*Bacteroidia*Bacteroidales*Prevotellaceae*Paraprevotella*_,1256.9000066358062,-0.00018901086846554482,0.0004818363469877148,-0.392271918976598,0.6957745592105309,0.9865089285949313,0,91,False
TACGGAAGATGCGAGCGTTATCCGGATTTATTGGGTTTAAAGGGAGCGTAGGCGGGCTTTTAAGTCAGCGGTCAAATGCCACGGCTCAACCGTGGCCAGCCGTTGAAACTGTAAGCCTTGAGTCTGCACAGGGCACATGGAATTCGTGGTGTAGCGGTGAAATGCTTAGATATCACGAAGAACTCCGATCGCGAAGGCATTGTGCCGGGGCAGCACTGACGCTGAGGCTCGAAAGTGCGGGTATCAAACAGG,Bacteria,Bacteroidota,Bacteroidia,Bacteroidales,Prevotellaceae,Paraprevotella,,Bacteria*Bacteroidota*Bacteroidia*Bacteroidales*Prevotellaceae*Paraprevotella*_,1256.7848878974603,0.0017670803595548634,0.0014721282720801371,1.2003575999922582,0.23311597598051342,0.8853818901235723,0,91,False
TACGGAAGATGCGAGCGTTATCCGGATTTATTGGGTTTAAAGGGAGCGTAGGCGGGCTTTTAAGTCAGCGGTCAAATGTCACGGCTCAACCGTGGCCAGCCGTTGAAACTGCAAGCCTTGAGTCTGCACAGGGCACATGGAATTCGTGGTGTAGCGGTGAAATGCTTAGATATCACGAAGAACTCCGATCGCGAAGGCATTGTGCCGGGGCATAACTGACGCTGAGGCTCGAAAGTGCGGGTATCAAACAGG,Bacteria,Bacteroidota,Bacteroidia,Bacteroidales,Prevotellaceae,Paraprevotella,,Bacteria*Bacteroidota*Bacteroidia*Bacteroidales*Prevotellaceae*Paraprevotella*_,1259.505415132053,-0.001667989629666073,0.0016722965160562266,-0.9974245677433385,0.3212033462301441,0.9189073084248836,0,91,False
TACGGAAGATGCGAGCGTTATCCGGATTTATTGGGTTTAAAGGGAGCGTAGGCGGGCTTTTAAGTCAGCGGTCAAATGTCGTGGCTCAACCATGTCAAGCCGTTGAAACTGCAAGCCTTGAGTCTGCACAGGGCACATGGAATTCGTGGTGTAGCGGTGAAATGCTTAGATATCACGAAGAACTCCGATCGCGAAGGCATTGTGCCGGGGCATAACTGACGCTGAGGCTCGAAAGTGCGGGTATCAAACAGG,Bacteria,Bacteroidota,Bacteroidia,Bacteroidales,Prevotellaceae,Paraprevotella,,Bacteria*Bacteroidota*Bacteroidia*Bacteroidales*Prevotellaceae*Paraprevotella*_,1256.9249405689648,0.0008026844365639108,0.0013145611096058829,0.6106102110418912,0.5429797230400655,0.9539541331513363,0,91,False
TACGGAAGATGCGAGCGTTATCCGGATTTATTGGGTTTAAAGGGAGCGTAGGCGGGCTTTTAAGTCAGCGGTCAAATGTCGTGGCTCAACCATGTCAAGCCGTTGAAACTGTAAGCCTTGAGTCTGCACAGGGCACATGGAATTCGTGGTGTAGCGGTGAAATGCTTAGATATCACGAAGAACTCCGATCGCGAAGGCATTGTGCCGGGGCATAACTGACGCTGAGGCTCGAAAGTGCGGGTATCAAACAGG,Bacteria,Bacteroidota,Bacteroidia,Bacteroidales,Prevotellaceae,Paraprevotella,,Bacteria*Bacteroidota*Bacteroidia*Bacteroidales*Prevotellaceae*Paraprevotella*_,1260.1872492726804,0.003578316521767567,0.004582394292966129,0.7808835933782917,0.4368976613971326,0.9539541331513363,0,91,False
TACGGAAGATGCGAGCGTTATCCGGATTTATTGGGTTTAAAGGGTGCGTAGGCGGAAGAATAAGTCAGCGGTGAAATGCTTCAGCTCAACTGGAGAATTGCCGATGAAACTGTTTTTCTAGAGTATAAAAGAGGTATGCGGAATGCGTGGTGTAGCGGTGAAATGCATAGATATCACGCAGAACCCCGATTGCGAAGGCAGCATACTGGGCTATAACTGACGCTGAAGCACGAAAGCGTGGGTATCGAACAGG,Bacteria,Bacteroidota,Bacteroidia,Bacteroidales,Barnesiellaceae,Coprobacter,fastidiosus,Bacteria*Bacteroidota*Bacteroidia*Bacteroidales*Barnesiellaceae*Coprobacter*fastidiosus,1256.8972734565696,0.0008180634840217475,0.0005004570253536337,1.6346328307484268,0.10558088317121438,0.8826670779283483,0,91,False
TACGGAAGATGCGAGCGTTATCCGGATTTATTGGGTTTAAAGGGTGCGTAGGCGGAAGGATAAGTCAGCGGTGAAATGCTTCAGCTCAACTGGAGAATTGCCGATGAAACTGTTTTTCTAGAGTATAAAAGAGGTATGCGGAATGCGTGGTGTAGCGGTGAAATGCATAGATATCACGCAGAACCCCGATTGCGAAGGCAGCATACTGGGCTATAACTGACGCTGAAGCACGAAAGCGTGGGTATCGAACAGG,Bacteria,Bacteroidota,Bacteroidia,Bacteroidales,Barnesiellaceae,Coprobacter,,Bacteria*Bacteroidota*Bacteroidia*Bacteroidales*Barnesiellaceae*Coprobacter*_,1256.3819917418045,1.4276206210633703e-05,5.055152893057614e-05,0.28240898965172,0.7782712530712372,0.9930777837826986,0,91,False
TACGGAAGATGCGAGCGTTATCCGGATTTATTGGGTTTAAAGGGTGCGTAGGCGGGTGATTAAGTCAGCGGTGAAATGCGTCAGCTTAACTGGCGAACTGCCATTGAAACTGGTTACCTTGAGTGTAGCGGAAGTATGCGGAATGCGTGGTGTAGCGGTGAAATGCATAGATATCACGCAGAACTCCGATTGCGAAGGCAGCATACCATACTATAACTGACGCTGAAGCACGAAAGCGTGGGTATCGAACAGG,Bacteria,Bacteroidota,Bacteroidia,Bacteroidales,Barnesiellaceae,,,Bacteria*Bacteroidota*Bacteroidia*Bacteroidales*Barnesiellaceae*_*_,1257.248557049801,-0.00041569027687808554,0.00029833189871558035,-1.3933819302185675,0.16689839690744335,0.8826670779283483,0,91,False
TACGGAAGGTCCAGGCGTTATCCGGATTCATTGGGTTTAAAGGGAGCGTAGGCCGCCTTTTAAGCGTGTTGTGAAATGTAGGGGCTCAACCCCTGCACTGCAGCGCGAACTGGAGGGCTTGAGTACACACAAAGTAGGCGGAATTCATGGTGTAGCGGTGAAATGCTTAGATATCATGAAGAACCCCGATTGCGAAGGCAGCTTACTGGAGTGTAACTGACGCTGAAGCTCGAAAGCGCGGGTATCGAACAGG,Bacteria,Bacteroidota,Bacteroidia,Bacteroidales,Prevotellaceae,,,Bacteria*Bacteroidota*Bacteroidia*Bacteroidales*Prevotellaceae*_*_,1256.6558077675597,0.0001844018354891413,0.00042807161108570626,0.4307733349133992,0.6676518151422247,0.9708149056311954,0,91,False
TACGGAAGGTCCAGGCGTTATCCGGATTTATTGGGTTTAAAGGGAGCGCAGGCGGACTCTTAAGTCAGTTGTGAAATACGGCGGCTCAACCGTCGGACTGCAGTTGATACTGGGAGTCTTGAGTACACGCAGAGATACTGGAATTCATGGTGTAGCGGTGAAATGCTCAGATATCATGAGGAACTCCAATCGCGAAGGCAGGTATCTGGAGTGTAACTGACGCTGAGGCTCGAAAGTGCGGGTATCAAACAGG,Bacteria,Bacteroidota,Bacteroidia,Bacteroidales,Prevotellaceae,Alloprevotella,,Bacteria*Bacteroidota*Bacteroidia*Bacteroidales*Prevotellaceae*Alloprevotella*_,1256.3819917418045,-2.8897154008775816e-06,4.549242526204104e-05,-0.06352080339160913,0.9494911162568171,0.9930777837826986,0,91,False
TACGGAAGGTCCAGGCGTTATCCGGATTTATTGGGTTTAAAGGGAGCGCAGGCGGACTCTTAAGTCAGTTGTGAAATACGGCGGCTCAACCGTCGGACTGCAGTTGATACTGGGAGTCTTGAGTACACGCAGAGATACTGGAATTCATGGTGTAGCGGTGAAATGCTCAGATATCATGAGGAACTCCGATCGCGAAGGCAGGTATCTGGAGTGTAACTGACGCTGAGGCTCGAAAGTGCGGGTATCAAACAGG,Bacteria,Bacteroidota,Bacteroidia,Bacteroidales,Prevotellaceae,Alloprevotella,,Bacteria*Bacteroidota*Bacteroidia*Bacteroidales*Prevotellaceae*Alloprevotella*_,1256.3819917418045,-2.8897154008775816e-06,4.549242526204104e-05,-0.06352080339160913,0.9494911162568171,0.9930777837826986,0,91,False
TACGGAAGGTCCAGGCGTTATCCGGATTTATTGGGTTTAAAGGGAGCGCAGGCGGCGGCGTAAGTCAGTTGTGAAATCGTGCGGCTTAACCGTGCAATTGCAGTTGATACTGCGTCGCTTGAGTGCACACAGGGATGTTGGAATTCATGGTGTAGCGGTGAAATGCTTAGATATCATGAAGAACTCCGATCGCGAAGGCATATGTCCGGAGTGCAACTGACGCTGAGGCTCGAAAGTGTGGGTATCAAACAGG,Bacteria,Bacteroidota,Bacteroidia,Bacteroidales,Prevotellaceae,Alloprevotella,,Bacteria*Bacteroidota*Bacteroidia*Bacteroidales*Prevotellaceae*Alloprevotella*_,1256.8047466069563,0.009203469563369168,0.007987887641572499,1.1521781447538448,0.2522657684184203,0.8853818901235723,0,91,False
TACGGAAGGTCCAGGCGTTATCCGGATTTATTGGGTTTAAAGGGAGCGTAGGCCGCCCCTTAAGCGTGTTGTGAAATGCCGCGGCTCAACCGTGGCACTGCAGCGCGAACTGGGGGGCTTGAGTGCACGCAACGCAGGCGGAATTCGTGGTGTAGCGGTGAAATGCTTAGATATCACGAAGAACTCCGATTGCGAAGGCAGCTTGCGGGAGTGCGACTGACGCTGAAGCTCGAAGGTGCGGGTATCGAACAGG,Bacteria,Bacteroidota,Bacteroidia,Bacteroidales,Prevotellaceae,,,Bacteria*Bacteroidota*Bacteroidia*Bacteroidales*Prevotellaceae*_*_,1258.3344256241146,-0.0019039521764048415,0.0012903944429283332,-1.4754807623660733,0.14353508483219574,0.8826670779283483,0,91,False
TACGGAAGGTCCAGGCGTTATCCGGATTTATTGGGTTTAAAGGGAGCGTAGGCGGGGAGTCAAGTCAGTTGTGAAAAGCCACGGCCCAACCGTGGTCGTGCAGTTGAAACTGGTTCTCTTGAGTGCGCACGAGGACGGTGGAATTCGTGGTGTAGCGGTGAAATGCTTAGATATCACGAAGAACTCCGATTGCGAAGGCAGCCGTCCGGAGCGTTACTGACGCTGAGGCTCGAAGGTGCGGGTATCAAACAGG,Bacteria,Bacteroidota,Bacteroidia,Bacteroidales,,,,Bacteria*Bacteroidota*Bacteroidia*Bacteroidales*_*_*_,1256.560881804221,-0.00020829335514572483,0.000156550553305551,-1.3305181664812369,0.18667218316163559,0.8826670779283483,0,91,False
TACGGAAGGTCCGGGCGTTATCCGGATTTATTGGGTTTAAAGGGAGCGTAGGCCGGAGATTAAGCGTGTTGTGAAATGTAGACGCTCAACGTCTGCACTGCAGCGCGAACTGGTTTCCTTGAGTACGCACAAAGTGGGCGGAATTCGTGGTGTAGCGGTGAAATGCTTAGATATCACGAAGAACTCCGATTGCGAAGGCAGCTCACTGGAGCGCAACTGACGCTGAAGCTCGAAAGTGCGGGTATCGAACAGG,Bacteria,Bacteroidota,Bacteroidia,Bacteroidales,Prevotellaceae,Prevotella,copri,Bacteria*Bacteroidota*Bacteroidia*Bacteroidales*Prevotellaceae*Prevotella*copri,1322.7906573850216,0.10326115005635764,0.07378442849919123,1.3994978636649535,0.16506341093406807,0.8826670779283483,0,91,False
TACGGAAGGTCCGGGCGTTATCCGGATTTATTGGGTTTAAAGGGAGCGTAGGCCGTCTGATAAGCGTGTTGTGAAATGTCGGGGCTCAACCTGGGCATTGCAGCGCGAACTGTGAGACTTGAGTGCGCGGGAAGTAGGCGGAATTCGTCGTGTAGCGGTGAAATGCTTAGATATGACGAAGAACTCCGATTGCGAAGGCAGCCTGCTGTAGCGCAACTGACGCTGAAGCTCGAAAGCGTGGGTATCGAACAGG,Bacteria,Bacteroidota,Bacteroidia,Bacteroidales,Prevotellaceae,,,Bacteria*Bacteroidota*Bacteroidia*Bacteroidales*Prevotellaceae*_*_,1256.3819917418045,5.296220351207556e-05,9.90511095040024e-05,0.5346957119136105,0.5941643556999677,0.9598764883716622,0,91,False
TACGGAAGGTCCGGGCGTTATCCGGATTTATTGGGTTTAAAGGGAGCGTAGGCCGTGAGGTAAGCGTGTTGTGAAATGTAGGCGCCCAACGTCTGCACTGCAGCGCGAACTGCCCCACTTGAGTGCGCGCAACGCCGGCGGAACTCGTCGTGTAGCGGTGAAATGCTTAGATATGACGAAGAACCCCGATTGCGAAGGCAGCTGGCGGGAGCGTAACTGACGCTGAAGCTCGAAAGCGCGGGTATCGAACAGG,Bacteria,Bacteroidota,Bacteroidia,Bacteroidales,Prevotellaceae,Prevotella,,Bacteria*Bacteroidota*Bacteroidia*Bacteroidales*Prevotellaceae*Prevotella*_,1259.270477885946,-0.0030179791922004314,0.001659171591760918,-1.8189674938909597,0.07220544337651097,0.8826670779283483,0,91,False
TACGGAAGGTCCGGGCGTTATCCGGATTTATTGGGTTTAAAGGGAGCGTAGGCGGGGAGTCAAGTCAGTTGTGAAAAGCCGCGGCCCAACCGTGGTCGTGCAGTTGAAACTGGTTCTCTTGAGTGCGCACGAGGACGGTGGAATTCGTGGTGTAGCGGTGAAATGCTTAGATATCACGAAGAACTCCGATTGCGAAGGCAGCCGTCCGGAGCGTTACTGACGCTGAGGCTCGAAGGTGCGGGTATCAAACAGG,Bacteria,Bacteroidota,Bacteroidia,Bacteroidales,,,,Bacteria*Bacteroidota*Bacteroidia*Bacteroidales*_*_*_,1256.568168073777,-0.0002166589143719802,0.00016159262187787055,-1.3407723190216443,0.18333176175718305,0.8826670779283483,0,91,False
TACGGAAGGTTCAGGCGTTATCCGGATTTATTGGGTTTAAAGGGAGCGCAGGCGGACCTTTAAGTCAGCTGTGAAATACGGCGGCTCAACCGTCGAACTGCAGTTGATACTGGAGGTCTTGAGTGCACACAGGGATACTGGAATTCATGGTGTAGCGGTGAAATGCTCAGATATCATGAAGAACTCCGATCGCGAAGGCAGGTATCCGGGGTGCAACTGACGCTGAGGCTCGAAAGTGCGGGTATCAAACAGG,Bacteria,Bacteroidota,Bacteroidia,Bacteroidales,Prevotellaceae,Alloprevotella,,Bacteria*Bacteroidota*Bacteroidia*Bacteroidales*Prevotellaceae*Alloprevotella*_,1256.3819917418045,0.0014763554459453984,0.0020460461700686763,0.7215650690305996,0.47241184937607494,0.9539541331513363,0,91,False
TACGGAGACTACGAGCGTTACTCGGATTCACTGGGCGTAAAGGGAGCGCAGGCGGGATAGTGTGTTAGGTGTGAAATGCCGGGGCTTAACTTCGGAGCTGCGCCTAAAACTATTATTCTAGAGTGCTGGAGAGGTAAGCGGAATTTCCGGTGTAGCGGTAAAATGCGCAGATATCGGAAGGAACACCGAAGGCGAAGGCAGCTTACTGGACAGAAACTGACGCTCATGCTCGAAAGCGTGGGGAGCGAAAGGG,Bacteria,Verrucomicrobiota,Verrucomicrobiae,Opitutales,Puniceicoccaceae,,,Bacteria*Verrucomicrobiota*Verrucomicrobiae*Opitutales*Puniceicoccaceae*_*_,1256.9619799756981,-0.0005333343239534884,0.00031050297072913384,-1.7176464453821303,0.08926237924543322,0.8826670779283483,0,91,False
TACGGAGGACCCGAGCGTTATCCGGATTTATTGGGTTTAAAGGGTGCGTAGGCGGATTAGTAAGTTAGAGGTGAAAGCTCGATGCTCAACATCGAAATTGCCTCTGATACTGTTAGTCTAGAGTATAGTTGCGGAAGGCGGAATGTGTGGTGTAGCGGTGAAATGCTTAGATATCACACAGAACACCGATTGCGAAGGCAGCTTTCCAAGCTATTACTGACGCTGATGCACGAAAGCGTGGGGAGCGAACAGG,Bacteria,Bacteroidota,Bacteroidia,Bacteroidales,Rikenellaceae,Alistipes,indistinctus,Bacteria*Bacteroidota*Bacteroidia*Bacteroidales*Rikenellaceae*Alistipes*indistinctus,1257.0059291966588,0.00023145974335371484,0.0005540039480120031,0.417794393314865,0.6770816278456819,0.9792400956456674,0,91,False
TACGGAGGATCCAAGCGTTATCCGGATTTATTGGGTTTAAAGGGAGCGTAGGCGGAAGCTTAAGTCAGTTGTGAAAGTTTGCGGCTCAACCGTAAAATTGCAGTTGATACTGGGTTTCTTGAGTGCAGTAGAGGTAGGCGGAATTCGTGGTGTAGCGGTGAAATGCTTAGATATCACGAAGAACTCCGATTGCGAAGGCAGCTTACTGGACTGTAACTGACGCTGATGCTCGAAAGTGTGGGTATCAAACAGG,Bacteria,Bacteroidota,Bacteroidia,Bacteroidales,Bacteroidaceae,Bacteroides,,Bacteria*Bacteroidota*Bacteroidia*Bacteroidales*Bacteroidaceae*Bacteroides*_,1256.3819917418045,-2.8897154008775816e-06,4.549242526204104e-05,-0.06352080339160913,0.9494911162568171,0.9930777837826986,0,91,False
TACGGAGGATCCAAGCGTTATCCGGATTTATTGGGTTTAAAGGGAGCGTAGGCGGACTATTAAGTCAGCTGTGAAAGTTTGCGGCTCAACCGTAAAATTGCAGTTGATACTGGTCGTCTTGAGTGCAGTAGAGGTAGGCGGAATTCGTGGTGTAGCGGTGAAATGCTTAGATATCACGAAGAACTCCGATTGCGAAGGCAGCTTACTGGACTGTAACTGACGCTGATGCTCGAAAGTGTGGGTATCAAACAGG,Bacteria,Bacteroidota,Bacteroidia,Bacteroidales,Bacteroidaceae,Bacteroides,,Bacteria*Bacteroidota*Bacteroidia*Bacteroidales*Bacteroidaceae*Bacteroides*_,1256.3819917418045,2.848549863521127e-06,4.9028350836388274e-05,0.05810005466076102,0.9537963220096448,0.9930777837826986,0,91,False
TACGGAGGATCCAAGCGTTATCCGGATTTATTGGGTTTAAAGGGAGCGTAGGCGGATTATTAAGTCAGTTGTGAAAGTTTGCGGCTCAACCGTAAAATTGCAGTTGATACTGGTAGTCTTGAGTGCAGCAGAGGTAGGCGGAATTCGTGGTGTAGCGGTGAAATGCTTAGATATCACGAAGAACTCCGATTGCGAAGGCAGCTTACTGGACTGTAACTGACGCTGATGCTCGAAAGTGTGGGTATCAAACAGG,Bacteria,Bacteroidota,Bacteroidia,Bacteroidales,Bacteroidaceae,Bacteroides,intestinalis,Bacteria*Bacteroidota*Bacteroidia*Bacteroidales*Bacteroidaceae*Bacteroides*intestinalis,1256.3819917418045,0.00021308526809998499,0.00023469076495284542,0.9079405750916468,0.3663078054940829,0.938220637297748,0,91,False
TACGGAGGATCCAAGCGTTATCCGGATTTATTGGGTTTAAAGGGTGCGTAGGCGGCAGATTAAGTTAGAGGTGAAATTCCGAGGCTCAACCTTGGCACTGCCTCTGATACTGGTTTGCTAGCGAGTAGATGCTGTAGGCGGAATGTGTGGTGTAGCGGTGAAATGCATAGAGATCACACAGAACACCGATTGCGAAGGCAGCTTACAAATCTATATCGGACGCTGAGGCACGAAAGCGTGGGGAGCAAACAGG,Bacteria,Bacteroidota,Bacteroidia,Bacteroidales,Rikenellaceae,Alistipes,inops,Bacteria*Bacteroidota*Bacteroidia*Bacteroidales*Rikenellaceae*Alistipes*inops,1260.069766044545,0.00037544551017555444,0.0024929440803071246,0.15060326187874237,0.8806220175742296,0.9930777837826986,0,91,False
TACGGAGGATCCAAGCGTTATCCGGATTTATTGGGTTTAAAGGGTGCGTAGGCGGTTTAGTAAGTCAGCGGTGAAATTTTGGTGCTTAACACCAAACGTGCCGTTGATACTGCTGGGCTAGAGAGTAGTTGCGGTAGGCGGAATGTATGGTGTAGCGGTGAAATGCTTAGAGATCATACAGAACACCGATTGCGAAGGCAGCTTACCAAACTATATCTGACGTTGAGGCACGAAAGCGTGGGGAGCAAACAGG,Bacteria,Bacteroidota,Bacteroidia,Bacteroidales,Rikenellaceae,Alistipes,obesi,Bacteria*Bacteroidota*Bacteroidia*Bacteroidales*Rikenellaceae*Alistipes*obesi,1259.6824021931745,0.0002622262377137239,0.0012289560323756944,0.21337316454423064,0.8315132228161866,0.9930777837826986,0,91,False
TACGGAGGATCCAAGCGTTATCCGGATTTATTGGGTTTAAAGGGTGCGTAGGCGGTTTGATAAGTTAGAGGTGAAAGCTCGGGGCTTAACTCCGAGACTGCCTCTAATACTGTTGAGCTAGAGAGTAGTTGCGGTAGGCGGAATGTATGGTGTAGCGGTGAAATGCGTAGAGATCATACAGAACACCGATTGCGAAGGCAGCTTACCAAACTATATCTGACGTTGAGGCACGAAAGCGTGGGGAGCAAACAGG,Bacteria,Bacteroidota,Bacteroidia,Bacteroidales,Rikenellaceae,Alistipes,,Bacteria*Bacteroidota*Bacteroidia*Bacteroidales*Rikenellaceae*Alistipes*_,1256.7182923408243,-0.0003890097699190074,0.00017017178046919252,-2.285982839495722,0.02457668568287029,0.75962931211253,0,91,False
TACGGAGGATCCAAGCGTTATCCGGATTTATTGGGTTTAAAGGGTGCGTAGGCGGTTTGATAAGTTAGAGGTGAAATACCGGGGCTCAACTCCGGAACTGCCTCTAATACTGTTGAACTAGAGAGTAGTTGCGGTAGGCGGAATGTATGGTGTAGCGGTGAAATGCTTAGAGATCATACAGAACACCGATTGCGAAGGCAGCTTACCAAACTATATCTGACGTTGAGGCACGAAAGCGTGGGGAGCAAACAGG,Bacteria,Bacteroidota,Bacteroidia,Bacteroidales,Rikenellaceae,Alistipes,finegoldii,Bacteria*Bacteroidota*Bacteroidia*Bacteroidales*Rikenellaceae*Alistipes*finegoldii,1258.5777756025411,0.0028445976333110884,0.0026083285826087196,1.0905825486396596,0.2783359394487006,0.8853818901235723,0,91,False
TACGGAGGATCCAAGCGTTATCCGGATTTATTGGGTTTAAAGGGTGCGTAGGCGGTTTGATAAGTTAGAGGTGAAATACCGGTGCTTAACACCGGAACTGCCTCTAATACTGTTGAACTAGAGAGTAGTTGCGGTAGGCGGAATGTATGGTGTAGCGGTGAAATGCTTAGAGATCATACAGAACACCGATTGCGAAGGCAGCTTACCAAACTATATCTGACGTTGAGGCACGAAAGCGTGGGGAGCAAACAGG,Bacteria,Bacteroidota,Bacteroidia,Bacteroidales,Rikenellaceae,Alistipes,shahii,Bacteria*Bacteroidota*Bacteroidia*Bacteroidales*Rikenellaceae*Alistipes*shahii,1260.746835070424,0.00046576335587135154,0.001577954618468249,0.2951690437862383,0.7685371429023485,0.9930777837826986,0,91,False
TACGGAGGATCCAAGCGTTATCCGGATTTATTGGGTTTAAAGGGTGCGTAGGCGGTTTGATAAGTTAGAGGTGAAATACCGGTGCTTAACACCGGAACTGCCTCTAATACTGTTGGACTAGAGAGTAGTTGCGGTAGGCGGAATGTATGGTGTAGCGGTGAAATGCTTAGAGATCATACAGAACACCGATTGCGAAGGCAGCTTACCAAACTATATCTGACGTTGAGGCACGAAAGCGTGGGGAGCAAACAGG,Bacteria,Bacteroidota,Bacteroidia,Bacteroidales,Rikenellaceae,Alistipes,shahii,Bacteria*Bacteroidota*Bacteroidia*Bacteroidales*Rikenellaceae*Alistipes*shahii,1257.2560779339576,-0.0004209930476427137,0.0005721283826218266,-0.7358366765750679,0.46372257295814934,0.9539541331513363,0,91,False
TACGGAGGATCCAAGCGTTATCCGGATTTATTGGGTTTAAAGGGTGCGTAGGCGGTTTGATAAGTTAGAGGTGAAATCCCGGGGCTTAACTCCGGCACTGCCTCTGATACTGTTGGACTAGAGAGTAGTTGCGGTAGGCGGAATGTATGGTGTAGCGGTGAAATGCTTAGAGATCATACAGAACACCGATTGCGAAGGCAGCTTACCAAACTATATCTGACGTTGAGGCACGAAAGCGTGGGGAGCAAACAGG,Bacteria,Bacteroidota,Bacteroidia,Bacteroidales,Rikenellaceae,Alistipes,,Bacteria*Bacteroidota*Bacteroidia*Bacteroidales*Rikenellaceae*Alistipes*_,1256.8656482560796,-0.0005581623850309744,0.0004025005997018741,-1.3867367786393276,0.16890978854952243,0.8826670779283483,0,91,False
TACGGAGGATCCAAGCGTTATCCGGATTTATTGGGTTTAAAGGGTGCGTAGGCGGTTTGATAAGTTAGAGGTGAAATGTTAGGGCTTAACCCTGAAACTGCCTCTAATACTGTTGAGCTAGAGAGTAGTTGCGGTAGGCGGAATGTATGGTGTAGCGGTGAAATGCTTAGAGATCATACAGAACACCGATTGCGAAGGCAGCTTACCAAACTATATCTGACGTTGAGGCACGAAAGCGTGGGGAGCAAACAGG,Bacteria,Bacteroidota,Bacteroidia,Bacteroidales,Rikenellaceae,Alistipes,,Bacteria*Bacteroidota*Bacteroidia*Bacteroidales*Rikenellaceae*Alistipes*_,1258.510204218566,0.002218236365318319,0.006460348609173345,0.3433617130457238,0.7321183652218317,0.9896623845416072,0,91,False
TACGGAGGATCCGAGCGTTATCCGGATTTATTGGGTTTAAAGGGAGCGTAGATGGATGTTTAAGTCAGTTGTGAAAGTTTGCGGCTCAACCGTAAAATTGCAGTTGATACTGGATATCTTGAGTGCAGTTGAGGCAGGCGGAATTCGTGGTGTAGCGGTGAAATGCTTAGATATCACGAAGAACTCCGATTGCGAAGGCAGCCTGCTAAGCTGCAACTGACATTGAGGCTCGAAAGTGTGGGTATCAAACAGG,Bacteria,Bacteroidota,Bacteroidia,Bacteroidales,Bacteroidaceae,Bacteroides,vulgatus,Bacteria*Bacteroidota*Bacteroidia*Bacteroidales*Bacteroidaceae*Bacteroides*vulgatus,1373.4182001124534,0.04589450339887504,0.036242330581884655,1.266323182367718,0.20862936283609795,0.8826670779283483,0,91,False
TACGGAGGATCCGAGCGTTATCCGGATTTATTGGGTTTAAAGGGAGCGTAGATGGATGTTTAAGTCAGTTGTGAAAGTTTGCGGCTCAACCGTAAAATTGCAGTTGATACTGGATATCTTGAGTGCAGTTGAGGCAGGCGGAATTCGTGGTGTAGCGGTGAAATGCTTAGATATCACGAGGAACTCCGATTGCGAAGGCAGCCTGCTAAGCTGCAACTGACATTGAGGCTCGAAAGTGTGGGTATCAAACAGG,Bacteria,Bacteroidota,Bacteroidia,Bacteroidales,Bacteroidaceae,Bacteroides,vulgatus,Bacteria*Bacteroidota*Bacteroidia*Bacteroidales*Bacteroidaceae*Bacteroides*vulgatus,1257.1660634958657,0.0063777358917937454,0.00372559986771709,1.7118681872033097,0.09032711058115023,0.8826670779283483,0,91,False
TACGGAGGATCCGAGCGTTATCCGGATTTATTGGGTTTAAAGGGAGCGTAGATGGATGTTTAAGTCAGTTGTGAAAGTTTGCGGCTCAACCGTAAAATTGCAGTTGATACTGGATATCTTGAGTGTAGTTGAGGCAGGCGGAATTCGTGGTGTAGCGGTGAAATGCTTAGATATCACGAAGAACTCCGATTGCGAAGGCAGCCTGCTAAGCTGCAACTGACATTGAGGCTCGAAAGTGTGGGTATCAAACAGG,Bacteria,Bacteroidota,Bacteroidia,Bacteroidales,Bacteroidaceae,Bacteroides,,Bacteria*Bacteroidota*Bacteroidia*Bacteroidales*Bacteroidaceae*Bacteroides*_,1259.0599257354174,0.002541575649274017,0.007615369736776883,0.3337429090277775,0.7393414044374524,0.9930777837826986,0,91,False
TACGGAGGATCCGAGCGTTATCCGGATTTATTGGGTTTAAAGGGAGCGTAGATGGATGTTTAAGTCAGTTGTGAAAGTTTGCGGCTCAACCGTAAAATTGCAGTTGATACTGGATGTCTTGAGTGCAGTTGAGGCAGGCGGAATTCGTGGTGTAGCGGTGAAATGCTTAGATATCACGAAGAACTCCGATTGCGAAGGCAGCCTGCTAAGCTGCAACTGACATTGAGGCTCGAAAGTGTGGGTATCAAACAGG,Bacteria,Bacteroidota,Bacteroidia,Bacteroidales,Bacteroidaceae,Bacteroides,,Bacteria*Bacteroidota*Bacteroidia*Bacteroidales*Bacteroidaceae*Bacteroides*_,1285.8372045601955,0.029982117797071283,0.021367308767418366,1.4031770740725704,0.16396698469657842,0.8826670779283483,0,91,False
TACGGAGGATCCGAGCGTTATCCGGATTTATTGGGTTTAAAGGGAGCGTAGATGGATGTTTAAGTCAGTTGTGAAAGTTTGCGGCTCAACCGTAAAATTGCAGTTGATACTGGATGTCTTGAGTTCAGTTGAGGCAGGCGGAATTCGTGGTGTAGCGGTGAAATGCTTAGATATCACGAAGAACTCCGATTGCGAAGGCAGCCTGCTAATCTGCGACTGACATTGAGGCTCGAAAGTGTGGGTATCAAACAGG,Bacteria,Bacteroidota,Bacteroidia,Bacteroidales,Bacteroidaceae,Bacteroides,,Bacteria*Bacteroidota*Bacteroidia*Bacteroidales*Bacteroidaceae*Bacteroides*_,1256.555464726049,-0.0002020738326586903,0.00014884454272301887,-1.3576166714739721,0.17794252129789953,0.8826670779283483,0,91,False
TACGGAGGATCCGAGCGTTATCCGGATTTATTGGGTTTAAAGGGAGCGTAGATGGGTTGTTAAGTCAGTTGTGAAAGTTTGCGGCTCAACCGTAAAATTGCAATTGATACTGGCAGTCTTGAGTACAGTTGAGGTAGGCGGAATTCGTGGTGTAGCGGTGAAATGCTTAGATATCACGAAGAACTCCGATTGCGAAGGCAGCTTACTAACCTGTAACTGACATTGATGCTCGAAAGTGTGGGTATCAAACAGG,Bacteria,Bacteroidota,Bacteroidia,Bacteroidales,Bacteroidaceae,Bacteroides,massiliensis,Bacteria*Bacteroidota*Bacteroidia*Bacteroidales*Bacteroidaceae*Bacteroides*massiliensis,1290.0881531021803,0.011669661535739246,0.017480053045971163,0.6675987484162065,0.5060792976435897,0.9539541331513363,0,91,False
TACGGAGGATCCGAGCGTTATCCGGATTTATTGGGTTTAAAGGGAGCGTAGGCGGAAGCTTAAGTCAGTTGTGAAAGTTTGCGGCTCAACCGTAAAATTGCAGTTGATACTGGGTTTCTTGAGTGCAGTAGAGGTAGGCGGAATTCGTGGTGTAGCGGTGAAATGCTTAGATATCACGAAGAACTCCGATTGCGAAGGCAGCTTACTGGACTGTAACTGACGCTGATGCTCGAAAGTGTGGGTATCAAACAGG,Bacteria,Bacteroidota,Bacteroidia,Bacteroidales,Bacteroidaceae,Bacteroides,,Bacteria*Bacteroidota*Bacteroidia*Bacteroidales*Bacteroidaceae*Bacteroides*_,1256.6346557099357,-0.00027365063848715465,0.00016270893327454986,-1.6818415128160498,0.09602838710033726,0.8826670779283483,0,91,False
TACGGAGGATCCGAGCGTTATCCGGATTTATTGGGTTTAAAGGGAGCGTAGGCGGACGCTTAAGTCAGTTGTGAAAGTTTGCGGCTCAACCGTAAAATTGCAGTTGATACTGGGTGTCTTGAGTACAGTAGAGGCAGGCGGAATTCGTGGTGTAGCGGTGAAATGCTTAGATATCACGAAGAACTCCGATTGCGAAGGCAGCCTGCTGGACTGTAACTGACGCTGATGCTCGAAAGTGTGGGTATCAAACAGG,Bacteria,Bacteroidota,Bacteroidia,Bacteroidales,Bacteroidaceae,Bacteroides,uniformis,Bacteria*Bacteroidota*Bacteroidia*Bacteroidales*Bacteroidaceae*Bacteroides*uniformis,1279.1541133745036,-0.0005331683062138144,0.010498572365057272,-0.05078483889756051,0.9596082797902548,0.9945330425541328,0,91,False
TACGGAGGATCCGAGCGTTATCCGGATTTATTGGGTTTAAAGGGAGCGTAGGCGGACGCTTAAGTCAGTTGTGAAAGTTTGCGGCTCAACCGTAAAATTGCAGTTGATACTGGGTGTCTTGAGTACAGTAGAGGCAGGCGGAATTCGTGGTGTAGCGGTGAAATGCTTAGATATCACGAAGAACTCCGATTGCGAAGGCAGCTTGCTGGACTGTAACTGACGCTGATGCTCGAAAGTGTGGGTATCAAACAGG,Bacteria,Bacteroidota,Bacteroidia,Bacteroidales,Bacteroidaceae,Bacteroides,uniformis,Bacteria*Bacteroidota*Bacteroidia*Bacteroidales*Bacteroidaceae*Bacteroides*uniformis,1278.9870873372024,0.009578751997008673,0.009923467663116768,0.9652625797946294,0.3369715405909339,0.9191142356560728,0,91,False
TACGGAGGATCCGAGCGTTATCCGGATTTATTGGGTTTAAAGGGAGCGTAGGCGGACTATTAAGTCAGCTGTGAAAGTTTGCGGCTCAACCGTAAAATTGCAGTTGATACTGGTCGTCTTGAGTGCAGTAGAGGTAGGCGGAATTCGTGGTGTAGCGGTGAAATGCTTAGATATCACGAAGAACTCCGATTGCGAAGGCAGCTTACTGGACTGTAACTGACGCTGATGCTCGAAAGTGTGGGTATCAAACAGG,Bacteria,Bacteroidota,Bacteroidia,Bacteroidales,Bacteroidaceae,Bacteroides,,Bacteria*Bacteroidota*Bacteroidia*Bacteroidales*Bacteroidaceae*Bacteroides*_,1260.8147174452738,0.013570091055986146,0.010427821610863081,1.3013351745344048,0.19642886534760193,0.8826670779283483,0,91,False
TACGGAGGATCCGAGCGTTATCCGGATTTATTGGGTTTAAAGGGAGCGTAGGCGGATGCTTAAGTCAGTTGTGAAAGTTTGCGGCTCAACCGTAAAATTGCAGTTGATACTGGGTGTCTTGAGTACAGTAGAGGCAGGCGGAATTCGTGGTGTAGCGGTGAAATGCTTAGATATCACGAAGAACTCCGATTGCGAAGGCAGCTTGCTGGACTGTAACTGACGCTGATGCTCGAAAGTGTGGGTATCAAACAGG,Bacteria,Bacteroidota,Bacteroidia,Bacteroidales,Bacteroidaceae,Bacteroides,uniformis,Bacteria*Bacteroidota*Bacteroidia*Bacteroidales*Bacteroidaceae*Bacteroides*uniformis,1260.6579948899825,0.004319180821822263,0.00770720167607007,0.5604084340017723,0.5765780009728609,0.9539541331513363,0,91,False
TACGGAGGATCCGAGCGTTATCCGGATTTATTGGGTTTAAAGGGAGCGTAGGCGGATTATTAAGTCAGTTGTGAAAGTTTGCGGCTCAACCGTAAAATTGCAGTTGATACTGGTAGTCTTGAGTGCAGCAGAGGTAGGCGGAATTCGTGGTGTAGCGGTGAAATGCTTAGATATCACGAAGAACTCCGATTGCGAAGGCAGCTTACTGGACTGTAACTGACGCTGATGCTCGAAAGTGTGGGTATCAAACAGG,Bacteria,Bacteroidota,Bacteroidia,Bacteroidales,Bacteroidaceae,Bacteroides,intestinalis,Bacteria*Bacteroidota*Bacteroidia*Bacteroidales*Bacteroidaceae*Bacteroides*intestinalis,1256.7521739000038,-0.00016003464270374014,0.00040705226988147327,-0.39315501851970885,0.6951245373342227,0.9865089285949313,0,91,False
TACGGAGGATCCGAGCGTTATCCGGATTTATTGGGTTTAAAGGGAGCGTAGGCGGATTGTTAAGTCAGTTGTGAAAGTTTGCGGCTCAACCGTAAAATTGCAGTTGATACTGGCAGTCTTGAGTGCAGTAGAGGTGGGCGGAATTCGTGGTGTAGCGGTGAAATGCTTAGATATCACGAAGAACTCCGATTGCGAAGGCAGCTCACTGGAGTGTAACTGACGCTGATGCTCGAAAGTGTGGGTATCAAACAGG,Bacteria,Bacteroidota,Bacteroidia,Bacteroidales,Bacteroidaceae,Bacteroides,caccae,Bacteria*Bacteroidota*Bacteroidia*Bacteroidales*Bacteroidaceae*Bacteroides*caccae,1274.2196929485046,0.0024427916015924227,0.007551839173345532,0.32346975955398216,0.7470816943118587,0.9930777837826986,0,91,False
TACGGAGGATCCGAGCGTTATCCGGATTTATTGGGTTTAAAGGGAGCGTAGGCGGGGTATTAAGTCAGTTGTGAAAGTTTGCGGCTCAACCGTAAAATTGCAGTTGATACTGGTATCCTTGAGTGCAGCAGAGGTGGGCGGAATTCGTGGTGTAGCGGTGAAATGCTTAGATATCACGAAGAACTCCGATTGCGAAGGCAGCTCACTGGAGTGTAACTGACGCTGATGCTCGAAAGTGTGGGTATCAAACAGG,Bacteria,Bacteroidota,Bacteroidia,Bacteroidales,Bacteroidaceae,Bacteroides,clarus,Bacteria*Bacteroidota*Bacteroidia*Bacteroidales*Bacteroidaceae*Bacteroides*clarus,1257.8652978355183,0.005775132532839729,0.005342504375782414,1.0809785311582372,0.2825631133701461,0.8902980635551428,0,91,False
TACGGAGGATCCGAGCGTTATCCGGATTTATTGGGTTTAAAGGGAGCGTAGGCGGGTGCTTAAGTCAGTTGTGAAAGTTTGCGGCTCAACCGTAAAATTGCAGTTGATACTGGGCGCCTTGAGTGCAGCATAGGTAGGCGGAATTCGTGGTGTAGCGGTGAAATGCTTAGATATCACGAAGAACTCCGATTGCGAAGGCAGCTTACTGGACTGTAACTGACGCTGATGCTCGAAAGTGTGGGTATCAAACAGG,Bacteria,Bacteroidota,Bacteroidia,Bacteroidales,Bacteroidaceae,Bacteroides,eggerthii,Bacteria*Bacteroidota*Bacteroidia*Bacteroidales*Bacteroidaceae*Bacteroides*eggerthii,1266.9561536320584,-0.0030360039724514486,0.00658425563136751,-0.4611005620723278,0.645826647829898,0.9685280873155366,0,91,False
TACGGAGGATCCGAGCGTTATCCGGATTTATTGGGTTTAAAGGGAGCGTAGGCGGGTGCTTAAGTCAGTTGTGAAAGTTTGCGGCTCAACCGTAAAATTGCAGTTGATACTGGGTACCTTGAGTGCAGCATAGGTAGGCGGAATTCGTGGTGTAGCGGTGAAATGCTTAGATATCACGAAGAACTCCGATTGCGAAGGCAGCTTACTGGACTGTAACTGACGCTGATGCTCGAAAGTGTGGGTATCAAACAGG,Bacteria,Bacteroidota,Bacteroidia,Bacteroidales,Bacteroidaceae,Bacteroides,eggerthii,Bacteria*Bacteroidota*Bacteroidia*Bacteroidales*Bacteroidaceae*Bacteroides*eggerthii,1263.6248065726124,0.0029039210004052447,0.0077588096564343775,0.3742740354504024,0.7090711505166647,0.9875198362567608,0,91,False
TACGGAGGATCCGAGCGTTATCCGGATTTATTGGGTTTAAAGGGAGCGTAGGCGGGTTGTTAAGTCAGTTGTGAAAGTTTGCGGCTCAACCGTAAAATTGCAGTTGATACTGGCGACCTTGAGTGCAACAGAGGTAGGCGGAATTCGTGGTGTAGCGGTGAAATGCTTAGATATCACGAAGAACTCCGATTGCGAAGGCAGCTTACTGGATTGTAACTGACGCTGATGCTCGAAAGTGTGGGTATCAAACAGG,Bacteria,Bacteroidota,Bacteroidia,Bacteroidales,Bacteroidaceae,Bacteroides,,Bacteria*Bacteroidota*Bacteroidia*Bacteroidales*Bacteroidaceae*Bacteroides*_,1273.8212105932407,-0.0044689400139169356,0.008845845880970215,-0.5052021111435847,0.6146382810437893,0.9598764883716622,0,91,False
TACGGAGGATCCGAGCGTTATCCGGATTTATTGGGTTTAAAGGGAGCGTAGGCGGGTTGTTAAGTCAGTTGTGAAAGTTTGCGGCTCAACCGTAAAATTGCAGTTGATACTGGTGACCTTGAGTGCAACAGAGGTAGGCGGAATTCGTGGTGTAGCGGTGAAATGCTTAGATATCACGAAGAACTCCGATTGCGAAGGCAGCTTACTGGATTGTAACTGACGCTGATGCTCGAAAGTGTGGGTATCAAACAGG,Bacteria,Bacteroidota,Bacteroidia,Bacteroidales,Bacteroidaceae,Bacteroides,,Bacteria*Bacteroidota*Bacteroidia*Bacteroidales*Bacteroidaceae*Bacteroides*_,1256.3819917418045,0.0008402370367973687,0.0011651413590382112,0.7211460054005454,0.47266836701045656,0.9539541331513363,0,91,False
TACGGAGGATCCGAGCGTTATCCGGATTTATTGGGTTTAAAGGGAGCGTAGGTGGACAGTTAAGTCAGTTGTGAAAGTTTGCGGCTCAACCGTAAAATTGCAGTTGATACTGGCTGTCTTGAGTACAGTAGAGGTGGGCGGAATTCGTGGTGTAGCGGTGAAATGCTTAGATATCACGAAGAACTCCGATTGCGAAGGCAGCTCACTGGACTGCAACTGACACTGATGCTCGAAAGTGTGGGTATCAAACAGG,Bacteria,Bacteroidota,Bacteroidia,Bacteroidales,Bacteroidaceae,Bacteroides,,Bacteria*Bacteroidota*Bacteroidia*Bacteroidales*Bacteroidaceae*Bacteroides*_,1271.812303912117,0.0017497054407924918,0.006054655262864283,0.28898514693712823,0.7732500529790018,0.9930777837826986,0,91,False
TACGGAGGATCCGAGCGTTATCCGGATTTATTGGGTTTAAAGGGAGCGTAGGTGGACATGTAAGTCAGTTGTGAAAGTTTGCGGCTCAACCGTAAAATTGCAGTTGAAACTGCGTGTCTTGAGTACAGTAGAGGTGGGCGGAATTCGTGGTGTAGCGGTGAAATGCTTAGATATCACGAAGAACTCCGATTGCGAAGGCAGCTCACTGGACTGCAACTGACACTGATGCTCGAAAGTGTGGGTATCAAACAGG,Bacteria,Bacteroidota,Bacteroidia,Bacteroidales,Bacteroidaceae,Bacteroides,salyersiae,Bacteria*Bacteroidota*Bacteroidia*Bacteroidales*Bacteroidaceae*Bacteroides*salyersiae,1256.5069530919832,0.0003472398193743298,0.00031274221597866125,1.1103068330180994,0.26979210337028287,0.8853818901235723,0,91,False
TACGGAGGATCCGAGCGTTATCCGGATTTATTGGGTTTAAAGGGAGCGTAGGTGGACATGTAAGTCAGTTGTGAAAGTTTGCGGCTCAACCGTAAAATTGCAGTTGATACTGCGTGTCTTGAGTACAGTAGAGGTGGGCGGAATTCGTGGTGTAGCGGTGAAATGCTTAGATATCACGAAGAACTCCGATTGCGAAGGCAGCTCACTGGACTGCAACTGACACTGATGCTCGAAAGTGTGGGTATCAAACAGG,Bacteria,Bacteroidota,Bacteroidia,Bacteroidales,Bacteroidaceae,Bacteroides,salyersiae,Bacteria*Bacteroidota*Bacteroidia*Bacteroidales*Bacteroidaceae*Bacteroides*salyersiae,1258.5473517216906,1.8537650364573044e-05,0.0029971469913432107,0.006185098835030828,0.9950785756558598,0.9999331984954238,0,91,False
TACGGAGGATCCGAGCGTTATCCGGATTTATTGGGTTTAAAGGGAGCGTAGGTGGACATGTAAGTCAGTTGTGAAAGTTTGCGGCTCAACCGTAAAATTGCAGTTGATACTGTGTGTCTTGAGTACAGTAGAGGTGGGCGGAATTCGTGGTGTAGCGGTGAAATGCTTAGATATCACGAAGAACTCCGATTGCGAAGGCAGCTCACTGGACTGGTAACTGACACTGAGGCTCGAAAGTGTGGGTATCAAACAGG,Bacteria,Bacteroidota,Bacteroidia,Bacteroidales,Bacteroidaceae,Bacteroides,,Bacteria*Bacteroidota*Bacteroidia*Bacteroidales*Bacteroidaceae*Bacteroides*_,1256.3819917418045,6.6577803828228165e-06,4.618796168604816e-05,0.1441453603880058,0.8857044325181791,0.9930777837826986,0,91,False
TACGGAGGATCCGAGCGTTATCCGGATTTATTGGGTTTAAAGGGAGCGTAGGTGGACATGTAAGTCAGTTGTGAAAGTTTGCGGCTCAACCGTAAAATTGCAGTTGATACTGTGTGTCTTGAGTACAGTAGAGGTGGGCGGAATTCGTGGTGTAGCGGTGAAATGCTTAGATATCACGAAGAACTCCGATTGCGAAGGCAGCTCACTGGACTGTTACTGACACTGAGGCTCGAAAGTGTGGGTATCAAACAGG,Bacteria,Bacteroidota,Bacteroidia,Bacteroidales,Bacteroidaceae,Bacteroides,nordii,Bacteria*Bacteroidota*Bacteroidia*Bacteroidales*Bacteroidaceae*Bacteroides*nordii,1256.7088358688643,0.00046229078475831976,0.0005133487751906086,0.9005393742035699,0.3702103610653126,0.9401785925871162,0,91,False
TACGGAGGATCCGAGCGTTATCCGGATTTATTGGGTTTAAAGGGAGCGTAGGTGGACTGGTAAGTCAGTTGTGAAAGTTTGCGGCTCAACCGTAAAATTGCAGTTGATACTGTCAGTCTTGAGTACAGTAGAGGTGGGCGGAATTCGTGGTGTAGCGGTGAAATGCTTAGATATCACGAAGAACTCCGATTGCGAAGGCAGCTCACTGGACTGCAACTGACACTGATGCTCGAAAGTGTGGGTATCAAACAGG,Bacteria,Bacteroidota,Bacteroidia,Bacteroidales,Bacteroidaceae,Bacteroides,,Bacteria*Bacteroidota*Bacteroidia*Bacteroidales*Bacteroidaceae*Bacteroides*_,1259.0618407958675,0.0070743695025444735,0.004948033999961276,1.4297334057526359,0.15621784649788117,0.8826670779283483,0,91,False
TACGGAGGATCCGAGCGTTATCCGGATTTATTGGGTTTAAAGGGAGCGTAGGTGGATTGTTAAGTCAGTTGTGAAAGTTTGCGGCTCAACCGTAAAATTGCAGTTGAAACTGGCAGTCTTGAGTACAGTAGAGGTGGGCGGAATTCGTGGTGTAGCGGTGAAATGCTTAGATATCACGAAGAACTCCGATTGCGAAGGCAGCTCACTAGACTGCAACTGACACTGATGCTCGAAAGTGTGGGTATCAAACAGG,Bacteria,Bacteroidota,Bacteroidia,Bacteroidales,Bacteroidaceae,Bacteroides,,Bacteria*Bacteroidota*Bacteroidia*Bacteroidales*Bacteroidaceae*Bacteroides*_,1264.3070605484245,0.01058522555869605,0.011640338960606724,0.9093571582853908,0.3655638445232807,0.938220637297748,0,91,False
TACGGAGGATCCGAGCGTTATCCGGATTTATTGGGTTTAAAGGGAGCGTAGGTGGATTGTTAAGTCAGTTGTGAAAGTTTGCGGCTCAACCGTAAAATTGCAGTTGAAACTGGCAGTCTTGAGTACAGTAGAGGTGGGCGGAATTCGTGGTGTAGCGGTGAAATGCTTAGATATCACGAAGAACTCCGATTGCGAAGGCAGCTCACTAGACTGTCACTGACACTGATGCTCGAAAGTGTGGGTATCAAACAGG,Bacteria,Bacteroidota,Bacteroidia,Bacteroidales,Bacteroidaceae,Bacteroides,,Bacteria*Bacteroidota*Bacteroidia*Bacteroidales*Bacteroidaceae*Bacteroides*_,1265.4658494784412,0.01982659394355664,0.024366613944427032,0.8136786665876177,0.4179530425627568,0.9539541331513363,0,91,False
TACGGAGGATCCGAGCGTTATCCGGATTTATTGGGTTTAAAGGGAGCGTAGGTGGATTGTTAAGTCAGTTGTGAAAGTTTGCGGCTCAACCGTAAAATTGCAGTTGAAACTGGCAGTCTTGAGTACAGTAGAGGTGGGCGGAATTCGTGGTGTAGCGGTGAAATGCTTAGATATCACGAAGAACTCCGATTGCGAAGGCAGCTCACTAGACTGTTACTGACACTGATGCTCGAAAGTGTGGGTATCAAACAGG,Bacteria,Bacteroidota,Bacteroidia,Bacteroidales,Bacteroidaceae,Bacteroides,,Bacteria*Bacteroidota*Bacteroidia*Bacteroidales*Bacteroidaceae*Bacteroides*_,1271.2204758239436,-0.006971384103887617,0.007834700562309385,-0.8898086210754564,0.37591498033634674,0.9406534746503771,0,91,False
TACGGAGGATCCGAGCGTTATCCGGATTTATTGGGTTTAAAGGGAGCGTAGGTGGATTGTTAAGTCAGTTGTGAAAGTTTGCGGCTCAACCGTAAAATTGCAGTTGAAACTGGCAGTCTTGAGTACAGTAGAGGTGGGCGGAATTCGTGGTGTAGCGGTGAAATGCTTAGATATCACGAAGAACTCCGATTGCGAAGGCAGCTCACTGGACTGTTGACTGACACTGAGGCTCGAAAGTGTGGGTATCAAACAGG,Bacteria,Bacteroidota,Bacteroidia,Bacteroidales,Bacteroidaceae,Bacteroides,,Bacteria*Bacteroidota*Bacteroidia*Bacteroidales*Bacteroidaceae*Bacteroides*_,1256.3819917418045,-2.8897154008775816e-06,4.549242526204104e-05,-0.06352080339160913,0.9494911162568171,0.9930777837826986,0,91,False
TACGGAGGATCCGAGCGTTATCCGGATTTATTGGGTTTAAAGGGAGCGTAGGTGGATTGTTAAGTCAGTTGTGAAAGTTTGCGGCTCAACCGTAAAATTGCAGTTGAAACTGGGAGTCTTGAGTACAGTAGAGGTGGGCGGAATTCGTGGTGTAGCGGTGAAATGCTTAGATATCACGAAGAACTCCGATTGCGAAGGCAGCTCACTAGACTGTCACTGACACTGATGCTCGAAAGTGTGGGTATCAAACAGG,Bacteria,Bacteroidota,Bacteroidia,Bacteroidales,Bacteroidaceae,Bacteroides,ovatus,Bacteria*Bacteroidota*Bacteroidia*Bacteroidales*Bacteroidaceae*Bacteroides*ovatus,1257.5512469480611,0.001839083538107008,0.001836900887900998,1.0011882242642411,0.31939066235690156,0.9189073084248836,0,91,False
TACGGAGGATCCGAGCGTTATCCGGATTTATTGGGTTTAAAGGGAGCGTAGGTGGATTGTTAAGTCAGTTGTGAAAGTTTGCGGCTCAACCGTAAAATTGCAGTTGATACTGGCAGTCTTGAGTACAGTAGAGGTGGGCGGAATTCGTGGTGTAGCGGTGAAATGCTTAGATATCACGAAGAACTCCGATTGCGAAGGCAGCTCACTGGACTGCAACTGACACTGATGCTCGAAAGTGTGGGTATCAAACAGG,Bacteria,Bacteroidota,Bacteroidia,Bacteroidales,Bacteroidaceae,Bacteroides,finegoldii,Bacteria*Bacteroidota*Bacteroidia*Bacteroidales*Bacteroidaceae*Bacteroides*finegoldii,1258.2798155834216,0.00503097231930973,0.003639068269888557,1.3824891280382048,0.1702051439891379,0.8826670779283483,0,91,False
TACGGAGGATCCGAGCGTTATCCGGATTTATTGGGTTTAAAGGGTGCGTAGGCGGCCTTTTAAGTCAGCGGTGAAAGTCTGTGGCTCAACCATAGAATTGCCGTTGAAACTGGGAGGCTTGAGTATGTTTGAGGCAGGCGGAATGCGTGGTGTAGCGGTGAAATGCTTAGATATCACGCAGAACCCCGATTGCGAAGGCAGCCTGCCAAGCCATGACTGACGCTGATGCACGAAAGCGTGGGGATCAAACAGG,Bacteria,Bacteroidota,Bacteroidia,Bacteroidales,Tannerellaceae,Parabacteroides,distasonis,Bacteria*Bacteroidota*Bacteroidia*Bacteroidales*Tannerellaceae*Parabacteroides*distasonis,1257.5472107828118,0.0018920762449287614,0.0016405179413546685,1.1533407817328514,0.2517909007504378,0.8853818901235723,0,91,False
TACGGAGGATCCGAGCGTTATCCGGATTTATTGGGTTTAAAGGGTGCGTAGGCGGCCTTTTAAGTCAGCGGTGAAAGTCTGTGGCTCAACCATAGAATTGCCGTTGAAACTGGGAGGCTTGAGTATGTTTGAGGCAGGCGGAATGCGTGGTGTAGCGGTGAAATGCTTAGATATCACGCAGAACCCCGATTGCGAAGGCAGCCTGCCAAGCCATTACTGACGCTGATGCACGAAAGCGTGGGGATCAAACAGG,Bacteria,Bacteroidota,Bacteroidia,Bacteroidales,Tannerellaceae,Parabacteroides,distasonis,Bacteria*Bacteroidota*Bacteroidia*Bacteroidales*Tannerellaceae*Parabacteroides*distasonis,1257.1482113208604,-0.00034987592545274784,0.0006001600150775281,-0.5829710688199566,0.561354686471427,0.9539541331513363,0,91,False
TACGGAGGATCCGAGCGTTATCCGGATTTATTGGGTTTAAAGGGTGCGTAGGCGGCCTTTTAAGTCAGCGGTGAAAGTCTGTGGCTCAACCATAGAATTGCCGTTGAAACTGGGGGGCTTGAGTATGTTTGAGGCAGGCGGAATGCGTGGTGTAGCGGTGAAATGCATAGATATCACGCAGAACCCCGATTGCGAAGGCAGCCTGCCAAGCCATGACTGACGCTGATGCACGAAAGCGTGGGGATCAAACAGG,Bacteria,Bacteroidota,Bacteroidia,Bacteroidales,Tannerellaceae,Parabacteroides,distasonis,Bacteria*Bacteroidota*Bacteroidia*Bacteroidales*Tannerellaceae*Parabacteroides*distasonis,1257.438329250714,0.001992704840980535,0.001372929989501317,1.45142494971964,0.15010035975823072,0.8826670779283483,0,91,False
TACGGAGGATCCGAGCGTTATCCGGATTTATTGGGTTTAAAGGGTGCGTAGGCGGCCTTTTAAGTCAGCGGTGAAAGTCTGTGGCTCAACCATAGAATTGCCGTTGAAACTGGGGGGCTTGAGTATGTTTGAGGCAGGCGGAATGCGTGGTGTAGCGGTGAAATGCATAGATATCACGCAGAACCCCGATTGCGAAGGCAGCCTGCCAAGCCATTACTGACGCTGATGCACGAAAGCGTGGGGATCAAACAGG,Bacteria,Bacteroidota,Bacteroidia,Bacteroidales,Tannerellaceae,Parabacteroides,distasonis,Bacteria*Bacteroidota*Bacteroidia*Bacteroidales*Tannerellaceae*Parabacteroides*distasonis,1264.228199502479,0.01165236511611683,0.008957559928712432,1.3008414354858524,0.19659714275211881,0.8826670779283483,0,91,False
TACGGAGGATCCGAGCGTTATCCGGATTTATTGGGTTTAAAGGGTGCGTAGGCGGCCTTTTAAGTCAGCGGTGAAAGTCTGTGGCTCAACCATAGAATTGCCGTTGAAACTGGGGGGCTTGAGTATGTTTGAGGCAGGCGGAATGCGTGGTGTAGCGGTGAAATGCTTAGATATCACGCAGAACCCCGATCGCGAAGGCAGCCTGCCAAGCCATGACTGACGCTGATGCACGAAAGCGTGGGGATCAAACAGG,Bacteria,Bacteroidota,Bacteroidia,Bacteroidales,Tannerellaceae,Parabacteroides,,Bacteria*Bacteroidota*Bacteroidia*Bacteroidales*Tannerellaceae*Parabacteroides*_,1256.7805781714508,-0.00039040298949793615,0.00034450126692739364,-1.1332410849456083,0.26008988512985914,0.8853818901235723,0,91,False
TACGGAGGATCCGAGCGTTATCCGGATTTATTGGGTTTAAAGGGTGCGTAGGCGGCCTTTTAAGTCAGCGGTGAAAGTCTGTGGCTCAACCATAGAATTGCCGTTGAAACTGGGGGGCTTGAGTATGTTTGAGGCAGGCGGAATGCGTGGTGTAGCGGTGAAATGCTTAGATATCACGCAGAACCCCGATTGCGAAGGCAGCCTGCCAAGCCATGACTGACGCTGATGCACGAAAGCGTGGGGATCAAACAGG,Bacteria,Bacteroidota,Bacteroidia,Bacteroidales,Tannerellaceae,Parabacteroides,distasonis,Bacteria*Bacteroidota*Bacteroidia*Bacteroidales*Tannerellaceae*Parabacteroides*distasonis,1260.016381763976,0.005206516160861912,0.005619741557147416,0.926468967997301,0.35665293238135,0.9315211457591839,0,91,False
TACGGAGGATCCGAGCGTTATCCGGATTTATTGGGTTTAAAGGGTGCGTAGGCGGCCTTTTAAGTCAGCGGTGAAAGTCTGTGGCTCAACCATAGAATTGCCGTTGAAACTGGGGGGCTTGAGTATGTTTGAGGCAGGCGGAATGCGTGGTGTAGCGGTGAAATGCTTAGATATCACGCAGAACCCCGATTGCGAAGGCAGCCTGCCAAGCCATTACTGACGCTGATGCACGAAAGCGTGGGGATCAAACAGG,Bacteria,Bacteroidota,Bacteroidia,Bacteroidales,Tannerellaceae,Parabacteroides,distasonis,Bacteria*Bacteroidota*Bacteroidia*Bacteroidales*Tannerellaceae*Parabacteroides*distasonis,1256.4555264874216,0.00014548293026273913,0.0002903973653074868,0.5009788229610649,0.6175956849802458,0.9598764883716622,0,91,False
TACGGAGGATCCGAGCGTTATCCGGATTTATTGGGTTTAAAGGGTGCGTAGGCGGTTTGATAAGTTAGAGGTGAAAGCTCGATGCTCAACATCGAAATTGCCTCTGATACTGTCAGACTAGAGTGTAGTTGCGGAAGGCGGAATGTGTGGTGTAGCGGTGAAATGCTTAGATATCACACAGAACACCGATTGCGAAGGCAGCTTTCCAAGCTATTACTGACGCTGAGGCACGAAAGCGTGGGTAGCGAACAGG,Bacteria,Bacteroidota,Bacteroidia,Bacteroidales,Rikenellaceae,Alistipes,,Bacteria*Bacteroidota*Bacteroidia*Bacteroidales*Rikenellaceae*Alistipes*_,1257.3431771385774,-0.0004875473445945794,0.00045462065315773827,-1.0724267391024505,0.2863642122535248,0.8917176951793676,0,91,False
TACGGAGGATCCGAGCGTTATCCGGATTTATTGGGTTTAAAGGGTGCGTAGGCTGTTTTTTAAGTTAGAGGTGAAAGCTCGACGCTCAACGTCGAAATTGCCTCTGATACTGAGAGACTAGAGTGTAGTTGCGGAAGGCGGAATGTGTGGTGTAGCGGTGAAATGCTTAGATATCACACAGAACACCGATTGCGAAGGCAGCTTTCCAAGCTATTACTGACGCTGAGGCACGAAAGCGTGGGGAGCGAACAGG,Bacteria,Bacteroidota,Bacteroidia,Bacteroidales,Rikenellaceae,Alistipes,ihumii,Bacteria*Bacteroidota*Bacteroidia*Bacteroidales*Rikenellaceae*Alistipes*ihumii,1258.0797421259185,-0.0007732275324679946,0.0006816895839285116,-1.1342809846264021,0.25965585341410474,0.8853818901235723,0,91,False
TACGGAGGATCCGAGCGTTATCCGGATTTATTGGGTTTAAAGGGTGCGTAGGTGGTTAATTAAGTCAGCGGTGAAAGTTTGTGGCTCAACCATAAAATTGCCGTTGAAACTGGTTGACTTGAGTATATTTGAGGTAGGCGGAATGCGTGGTGTAGCGGTGAAATGCATAGATATCACGCAGAACTCCAATTGCGAAGGCAGCTTACTAAACTATAACTGACACTGAAGCACGAAAGCGTGGGGATCAAACAGG,Bacteria,Bacteroidota,Bacteroidia,Bacteroidales,Tannerellaceae,Parabacteroides,,Bacteria*Bacteroidota*Bacteroidia*Bacteroidales*Tannerellaceae*Parabacteroides*_,1256.3819917418045,2.2799597710381267e-05,5.5319586214265366e-05,0.41214331614978517,0.6812036466787339,0.9811380622590592,0,91,False
TACGGAGGATCCGAGCGTTATCCGGATTTATTGGGTTTAAAGGGTGCGTAGGTGGTTTATTAAGTCAGCGGTGAAAGTTTGTGGCTCAACCATAAAATTGCCGTTGAAACTGGTTAACTTGAGTATATTTGAGGTAGGCGGAATGCGTGGTGTAGCGGTGAAATGCATAGATATCACGCAGAACTCCAATTGCGAAGGCAGCTTACTAAACTATAACTGACACTGAAGCACGAAAGCGTGGGGATCAAACAGG,Bacteria,Bacteroidota,Bacteroidia,Bacteroidales,Tannerellaceae,Parabacteroides,gordonii,Bacteria*Bacteroidota*Bacteroidia*Bacteroidales*Tannerellaceae*Parabacteroides*gordonii,1256.3819917418045,2.5838062874652756e-05,6.020124967657264e-05,0.42919479269061844,0.668795893000827,0.9708149056311954,0,91,False
TACGGAGGATCCGAGCGTTATCCGGATTTATTGGGTTTAAAGGGTGCGTAGGTGGTTTTTTAAGTCAGCGGTGAAAGTTTGTGGCTCAACCATAAAATTGCCGTTGAAACTGGAGGACTTGAGTATGTTTGAGGTAGGCGGAATGCGTGGTGTAGCGGTGAAATGCATAGATATCACGCAGAACTCCGATTGCGAAGGCAGCTTACTAAACCATAACTGACACTGAAGCACGAAAGCGTGGGGATCAAACAGG,Bacteria,Bacteroidota,Bacteroidia,Bacteroidales,Tannerellaceae,Parabacteroides,,Bacteria*Bacteroidota*Bacteroidia*Bacteroidales*Tannerellaceae*Parabacteroides*_,1256.3819917418045,2.258227229249199e-05,5.511939163265784e-05,0.40969741543939964,0.6829907538870676,0.9811380622590592,0,91,False
TACGGAGGATGCAAGCGTTATCCGGAATTATTGGGTTTAAAGGGTCCGCAGGCGGACAGGTAAGTCAGTAGTGAAATCCCGGGGCTCAACCCCGGACGTGCTACAGAAACTGCCTGACTAGAGAAAGTTTGGAGTTGGCGGAATGTGACAAGTAGCGGTGAAATGCATAGATATGTCACAGAACACCGATAGCGAAAGCAGCTGACTAAGACTATTCTGACGCTCAGGGACGAAAGCGTGGGGAGCAAACAGG,Bacteria,Bacteroidota,Bacteroidia,Flavobacteriales,,,,Bacteria*Bacteroidota*Bacteroidia*Flavobacteriales*_*_*_,1256.3819917418045,5.646838348856919e-05,9.178843224345463e-05,0.6152015249459271,0.5399570934523672,0.9539541331513363,0,91,False
TACGGAGGATGCAAGCGTTATCCGGATTTATTGGGTTTAAAGGGAGCGCAGACGGGTCGTTAAGTCAGCTGTGAAAGTTTGGGGCTCAACCTTAAAATTGCAGTTGATACTGGCGTCCTTGAGTGCGGTTGAGGTGTGCGGAATTCGTGGTGTAGCGGTGAAATGCTTAGATATCACGAAGAACTCCGATTGCGAAGGCAGCACACTAAGCCGTAACTGACGTTCATGCTCGAAAGTGTGGGTATCAAACAGG,Bacteria,Bacteroidota,Bacteroidia,Bacteroidales,Bacteroidaceae,Bacteroides,,Bacteria*Bacteroidota*Bacteroidia*Bacteroidales*Bacteroidaceae*Bacteroides*_,1261.876402051467,-0.0030873998903412866,0.0046384212015083675,-0.6656143882184083,0.5073412762819904,0.9539541331513363,0,91,False
TACGGAGGATGCAAGCGTTATCCGGATTTATTGGGTTTAAAGGGTGCGTAGGCGGCACGCCAAGTCAGCGGTGAAATTTCCGGGCTCAACCCGGACTGTGCCGTTGAAACTGGCGAGCTAGAGTACACAAGAGGCAGGCGGAATGCGTGGTGTAGCGGTGAAATGCATAGATATCACGCAGAACCCCGATTGCGAAGGCAGCCTGCTAGGGTGAAACAGACGCTGAGGCACGAAAGCGTGGGTATCGAACAGG,Bacteria,Bacteroidota,Bacteroidia,Bacteroidales,Barnesiellaceae,Barnesiella,,Bacteria*Bacteroidota*Bacteroidia*Bacteroidales*Barnesiellaceae*Barnesiella*_,1256.3819917418045,0.0008630419753374544,0.0006840477974908692,1.261669109239365,0.21029230922016007,0.8826670779283483,0,91,False
TACGGAGGATGCAAGCGTTATCCGGATTTATTGGGTTTAAAGGGTGCGTAGGCGGCACGCCAAGTCAGCGGTGAAATTTCCGGGCTCAACCCGGACTGTGCCGTTGAAACTGGCGAGCTAGAGTGCACAAGAGGCAGGCGGAATGCGTGGTGTAGCGGTGAAATGCATAGATATCACGCAGAACCCCGATTGCGAAGGCAGCCTGCTAGGGTGAAACAGACGCTGAGGCACGAAAGCGTGGGTATCGAACAGG,Bacteria,Bacteroidota,Bacteroidia,Bacteroidales,Barnesiellaceae,Barnesiella,,Bacteria*Bacteroidota*Bacteroidia*Bacteroidales*Barnesiellaceae*Barnesiella*_,1256.9580970671793,-0.0006195199880940068,0.00027158522794729724,-2.281125497054753,0.02487451147975539,0.75962931211253,0,91,False
TACGGAGGATGCAAGCGTTATCCGGATTTATTGGGTTTAAAGGGTGCGTAGGCGGCACGCCAAGTCAGCGGTGAAATTTCCGGGCTCAACCCGGACTGTGCCGTTGAAACTGGCGAGCTAGAGTGCACAAGAGGCAGGCGGAATGCGTGGTGTAGCGGTGAAATGCATAGATATCACGCAGAACCCCGATTGCGAAGGCAGCCTGCTAGGGTGCGACAGACGCTGAGGCACGAAAGCGTGGGTATCGAACAGG,Bacteria,Bacteroidota,Bacteroidia,Bacteroidales,Barnesiellaceae,Barnesiella,,Bacteria*Bacteroidota*Bacteroidia*Bacteroidales*Barnesiellaceae*Barnesiella*_,1258.7752705976784,-0.0008212364047927251,0.0014278725697196536,-0.5751468458799271,0.5666113615182307,0.9539541331513363,0,91,False
TACGGAGGATGCAAGCGTTATCCGGATTTATTGGGTTTAAAGGGTGCGTAGGCGGCACGCCAAGTCAGCGGTGAAATTTCCGGGCTCAACCCGGAGTGTGCCGTTGAAACTGGCGAGCTAGAGTACACAAGAGGCAGGCGGAATGCGTGGTGTAGCGGTGAAATGCATAGATATCACGCAGAACCCCGATTGCGAAGGCAGCCTGCTAGGGTGAAACAGACGCTGAGGCACGAAAGCGTGGGTATCGAACAGG,Bacteria,Bacteroidota,Bacteroidia,Bacteroidales,Barnesiellaceae,Barnesiella,,Bacteria*Bacteroidota*Bacteroidia*Bacteroidales*Barnesiellaceae*Barnesiella*_,1256.8017544702975,0.002235630300447591,0.001367214344518245,1.6351717705502449,0.10546765677578765,0.8826670779283483,0,91,False
TACGGAGGATGCAAGCGTTATCCGGATTTATTGGGTTTAAAGGGTGCGTAGGCGGCACGCCAAGTCAGCGGTGAAATTTCCGGGCTCAACCCGGAGTGTGCCGTTGAAACTGGCGAGCTAGAGTGCACAAGAGGCAGGCGGAATGCGTGGTGTAGCGGTGAAATGCATAGATATCACGCAGAACCCCGATTGCGAAGGCAGCCTGCTAGGGTGCGACAGACGCTGAGGCACGAAAGCGTGGGTATCGAACAGG,Bacteria,Bacteroidota,Bacteroidia,Bacteroidales,Barnesiellaceae,Barnesiella,,Bacteria*Bacteroidota*Bacteroidia*Bacteroidales*Barnesiellaceae*Barnesiella*_,1256.3819917418045,7.575340029567044e-05,0.00011433599170358421,0.6625507783416175,0.5092929115921716,0.9539541331513363,0,91,False
TACGGAGGATGCAAGCGTTATCCGGATTTATTGGGTTTAAAGGGTGCGTAGGCTGTTCTGCAAGTCAGCGGTGAAAGCCCGGGGCTCAACCCCGGAAATGCCGTTGATACTGCGGGGCTGGAATACGGATGCCGTGGGAGGAATGAGTAGTGTAGCGGTGAAATGCATAGATATTACTCAGAACACCGATTGCGAAGGCATCTCACGAATCCGTTATTGACGCTGAGGCACGAAAGCGTGGGGATCAAACAGG,Bacteria,Bacteroidota,Bacteroidia,Bacteroidales,Rikenellaceae,Rikenellaceae_RC9_gut_group,,Bacteria*Bacteroidota*Bacteroidia*Bacteroidales*Rikenellaceae*Rikenellaceae_RC9_gut_group*_,1256.3915060752745,-1.3814919543884125e-05,4.731575002962237e-05,-0.29197295900910786,0.7709718895967499,0.9930777837826986,0,91,False
TACGGAGGATGCGAGCGTTATCCGGAATTATTGGGTTTAAAGGGTCCGCAGGCGGACAGGTAAGTCAGTAGTGAAAAACCGGGGCTTAACCCCGGTCGTGCTACAGAAACTGCCTGACTAGAGAAAGTTTGGCGTTGGCGGAATGTGACAAGTAGCGGTGAAATGCATAGATATGTCACAGAACACCGATAGCGAAAGCAGCTGACGAAGACTATTCTGACGCTCAGGGACGAAAGCGTGGGGAGCAAACAGG,Bacteria,Bacteroidota,Bacteroidia,Flavobacteriales,,,,Bacteria*Bacteroidota*Bacteroidia*Flavobacteriales*_*_*_,1256.6674124039662,-0.00023894073533235326,0.00012698196234804576,-1.881690366994321,0.0630745415304416,0.8826670779283483,0,91,False
TACGGAGGATGCGAGCGTTATCCGGAATTATTGGGTTTAAAGGGTGCGTAGGTTGCAAGGGAAGTCAGGGGTGAAAAGCTGTAGCTCAACTATGGTCTTGCCTTTGAAACTCTCTAGCTAGAGTGTACTGGAGGTACGTGGAACGTGTGGTGTAGCGGTGAAATGCATAGATATCACACAGAACTCCGATTGCGCAGGCAGCGTACTACATTACAACTGACACTGAAGCACGAAAGCGTGGGTATCCAACAGG,Bacteria,Bacteroidota,Bacteroidia,Bacteroidales,Porphyromonadaceae,Porphyromonas,asaccharolytica,Bacteria*Bacteroidota*Bacteroidia*Bacteroidales*Porphyromonadaceae*Porphyromonas*asaccharolytica,1256.3819917418045,-3.909139767210493e-07,4.5338986342890046e-05,-0.008622027271731265,0.993139576577201,0.9999331984954238,0,91,False
TACGGAGGATGCGAGCGTTATCCGGATTTATTGGGTTTAAAGGGAGCGCAGACGGGAGATTAAGTCAGTTGTGAAAGTTTGCGGCTCAACCGTAAAATTGCAGTTGATACTGGTTTCCTTGAGTGCAGTTGAGGCAGGCGGAATTCGTGGTGTAGCGGTGAAATGCTTAGATATCACGAAGAACCCCGATTGCGAAGGCAGCTTGCTAAACTGTAACTGACGTTCATGCTCGAAAGTGTGGGTATCAAACAGG,Bacteria,Bacteroidota,Bacteroidia,Bacteroidales,Bacteroidaceae,Bacteroides,coprocola,Bacteria*Bacteroidota*Bacteroidia*Bacteroidales*Bacteroidaceae*Bacteroides*coprocola,1333.101594029952,-0.03748885933255465,0.02578053244304162,-1.4541538044406528,0.14934409742531402,0.8826670779283483,0,91,False
TACGGAGGATGCGAGCGTTATCCGGATTTATTGGGTTTAAAGGGAGCGCAGACGGGATGTTAAGTCAGCTGTGAAAGTTTGCGGCTCAACCGTAAAATTGCAGTTGATACTGGCGTTCTTGAGTGCAGTTGAGGTGTGCGGAATTCGTGGTGTAGCGGTGAAATGCTTAGATATCACGAAGAACTCCGATTGCGAAGGCAGCTCACTAAACTGTAACTGACGTTCATGCTCGAAAGTGTGGGTATCAAACAGG,Bacteria,Bacteroidota,Bacteroidia,Bacteroidales,Bacteroidaceae,Bacteroides,,Bacteria*Bacteroidota*Bacteroidia*Bacteroidales*Bacteroidaceae*Bacteroides*_,1256.3819917418045,-2.8897154008775816e-06,4.549242526204104e-05,-0.06352080339160913,0.9494911162568171,0.9930777837826986,0,91,False
TACGGAGGATGCGAGCGTTATCCGGATTTATTGGGTTTAAAGGGAGCGCAGACGGGGGATTAAGTCAGTTGTGAAAGTTTGCGGCTCAACCGTAAAATTGCAGTTGATACTGGTTCCCTTGAGTGCAGTTGAGGCAGGCGGAATTCGTGGTGTAGCGGTGAAATGCATAGATATCACGAAGAACCCCGATTGCGAAGGCAGCCTGCTAAGCTGTAACTGACGTTGAGGCTCGAAAGTGTGGGTATCAAACAGG,Bacteria,Bacteroidota,Bacteroidia,Bacteroidales,Bacteroidaceae,Bacteroides,coprocola,Bacteria*Bacteroidota*Bacteroidia*Bacteroidales*Bacteroidaceae*Bacteroides*coprocola,1256.3819917418045,0.0016490971838725233,0.00228476784680966,0.7217788827758773,0.47228099953417435,0.9539541331513363,0,91,False
TACGGAGGATGCGAGCGTTATCCGGATTTATTGGGTTTAAAGGGAGCGCAGACGGGGGATTAAGTCAGTTGTGAAAGTTTGGGGCTCAACCTTAAAATTGCAGTTGATACTGGTTCTCTTGAGTGCAGTTGAGGCAGGCGGAATTCGTGGTGTAGCGGTGAAATGCTTAGATATCACGAAGAACCCCGATTGCGAAGGCAGCTTGCTAAACTGTAACTGACGTTCATGCTCGAAAGTGTGGGTATCAAACAGG,Bacteria,Bacteroidota,Bacteroidia,Bacteroidales,Bacteroidaceae,Bacteroides,,Bacteria*Bacteroidota*Bacteroidia*Bacteroidales*Bacteroidaceae*Bacteroides*_,1256.3819917418045,1.4590008994045791e-05,5.693804147711079e-05,0.25624360472446184,0.7983411267339081,0.9930777837826986,0,91,False
TACGGAGGATGCGAGCGTTATCCGGATTTATTGGGTTTAAAGGGAGCGCAGACGGGTTTTTAAGTCAGCTGTGAAAGTTTGGGGCTCAACCTTAAAATTGCAGTTGATACTGGAGACCTTGAGTGCAGTTGAGGCAGGCGGAATTCGTGGTGTAGCGGTGAAATGCTTAGATATCACGAAGAACTCCGATTGCGAAGGCAGCTTGCTAAAGTGTAACTGACGTTCATGCTCGAAAGTGTGGGTATCAAACAGG,Bacteria,Bacteroidota,Bacteroidia,Bacteroidales,Bacteroidaceae,Bacteroides,,Bacteria*Bacteroidota*Bacteroidia*Bacteroidales*Bacteroidaceae*Bacteroides*_,1256.3819917418045,-2.8897154008775816e-06,4.549242526204104e-05,-0.06352080339160913,0.9494911162568171,0.9930777837826986,0,91,False
TACGGAGGATGCGAGCGTTATCCGGATTTATTGGGTTTAAAGGGAGCGCAGGCTGCGAGGCAAGTCAGCGGTCAAATGTCGGGGCTCAACCCCGGCCTGCCGTTGAAACTGTCCTGCTAGAGTTCGAGTGAGGTATGCGGAATGCGTTGTGTAGCGGTGAAATGCATAGATATGACGCAGAACTCCGATTGCGAAGGCAGCATACCAACTCGCGACTGACGCTGAGGCTCGAAAGCGTGGGTATCGAACAGG,Bacteria,Bacteroidota,Bacteroidia,Bacteroidales,Muribaculaceae,,,Bacteria*Bacteroidota*Bacteroidia*Bacteroidales*Muribaculaceae*_*_,1268.3394229669434,-0.010284444330565736,0.0048865187600443515,-2.104656675967083,0.03807783652954848,0.8826670779283483,0,91,False
TACGGAGGATGCGAGCGTTATCCGGATTTATTGGGTTTAAAGGGAGCGCAGGCTGCGAGGCAAGTCAGCGGTCAAATGTCGGGGCTCAACCCCGGCCTGCCGTTGAAACTGTCTTGCTAGAGTTCGAGTGAGGTATGCGGAATGCGTTGTGTAGCGGTGAAATGCATAGATATGACGCAGAACTCCGATTGCGAAGGCAGCATACCAACTCGCGACTGACGCTGAGGCTCGAAAGCGTGGGTATCGAACAGG,Bacteria,Bacteroidota,Bacteroidia,Bacteroidales,Muribaculaceae,,,Bacteria*Bacteroidota*Bacteroidia*Bacteroidales*Muribaculaceae*_*_,1258.7544606726308,-0.0023731764214508593,0.00199523190982263,-1.1894238508153308,0.23736714701211747,0.8853818901235723,0,91,False
TACGGAGGATGCGAGCGTTATCCGGATTTATTGGGTTTAAAGGGAGCGTAGACGGGTTTTTAAGTCAGCTGTGAAAGTTTGGGGCTCAACCTTAAAATTGCAGTTGAAACTGGAGACCTTGAGTACGGTTGAGGCAGGCGGAATTCGTGGTGTAGCGGTGAAATGCTTAGATATCACGAAGAACCCCGATTGCGAAGGCAGCCTGCTAAGCCGCCACTGACGTTGAGGCTCGAAAGTGCGGGTATCAAACAGG,Bacteria,Bacteroidota,Bacteroidia,Bacteroidales,Bacteroidaceae,Bacteroides,coprophilus,Bacteria*Bacteroidota*Bacteroidia*Bacteroidales*Bacteroidaceae*Bacteroides*coprophilus,1270.4115796904866,-0.007389975863498974,0.009921791366508425,-0.7448227432441545,0.45829815449024824,0.9539541331513363,0,91,False
TACGGAGGATGCGAGCGTTATCCGGATTTATTGGGTTTAAAGGGTGCGCAGGCGGACATTCAAGTCTGCGGTCAAATTCCGGGGCTCAACCCCGGCCAGCCGTGGAAACTGAATGACTTGAGTGGGCGAGAGGTATGCGGAATGCGCGGTGTAGCGGTGAAATGCTTAGAGATCGCGCAGAACTCCGATTGCGAAGGCAGCATACCGGCGCCTTACTGACGCTCAGGCACGAAAGCGTGGGGATCGAACAGG,Bacteria,Bacteroidota,Bacteroidia,Bacteroidales,Muribaculaceae,,,Bacteria*Bacteroidota*Bacteroidia*Bacteroidales*Muribaculaceae*_*_,1256.3819917418045,0.00032200248053504876,0.0003807329907116332,0.8457435746064179,0.3999141898456655,0.9450353176710072,0,91,False
TACGGAGGATGCGAGCGTTATCCGGATTTATTGGGTTTAAAGGGTGCGCAGGCGGCGCGCCAAGTCAGCGGTCAAAGTTCCGGGCTCAACCCGGTGTCGCCGTTGAAACTGGCGTGCTCGAGTGCGTGCGAGGAAGGCGGAATGCGTTGTGTAGCGGTGAAATGCATAGATATGACGCAGAACTCCGATTGCGAAGGCAGCTTTCCAGCGCGCTACTGACGCTGAGGCACGAAAGCGTGGGGATCGAACAGG,Bacteria,Bacteroidota,Bacteroidia,Bacteroidales,Muribaculaceae,,,Bacteria*Bacteroidota*Bacteroidia*Bacteroidales*Muribaculaceae*_*_,1257.1937585026635,-0.0006571577321267885,0.0006074817757920264,-1.08177357463933,0.28221150717242377,0.8902980635551428,0,91,False
TACGGAGGATGCGAGCGTTATCCGGATTTATTGGGTTTAAAGGGTGCGCAGGCGGCGTGCCAAGTCAGCGGTAAAAATGCGGTGCTCAACGCCGTATAGCCGTTGAAACTGACATGCTAGAGTGAGCGAGAAGTATGCGGAATGCGTGGTGTAGCGGTGAAATGCATAGATATCACGCAGAACCCCGATTGCGAAGGCAGCATACCGGCGCTCAACTGACGCTCAGGCACGAAAGTGCGGGGATCAAACAGG,Bacteria,Bacteroidota,Bacteroidia,Bacteroidales,Muribaculaceae,,,Bacteria*Bacteroidota*Bacteroidia*Bacteroidales*Muribaculaceae*_*_,1256.3819917418045,-2.8897154008775816e-06,4.549242526204104e-05,-0.06352080339160913,0.9494911162568171,0.9930777837826986,0,91,False
TACGGAGGATGCGAGCGTTATCCGGATTTATTGGGTTTAAAGGGTGCGTAGGCGGCACGCCAAGTCAGCGGTGAAATTTCCGGGCTCAACCCGGAATGTGCCGTTGAAACTGGCGAGCTAGAGTGCACAAGAGGCAGGCGGAATGCGTGGTGTAGCGGTGAAATGCATAGATATCACGCAGAACCCCGATTGCGAAGGCAGCCTGCTAGGGTGCGACAGACGCTGAGGCACGAAAGCGTGGGTATCGAACAGG,Bacteria,Bacteroidota,Bacteroidia,Bacteroidales,Barnesiellaceae,Barnesiella,,Bacteria*Bacteroidota*Bacteroidia*Bacteroidales*Barnesiellaceae*Barnesiella*_,1256.4248795670212,-5.2136677805172134e-05,5.649196451515084e-05,-0.9229043148462178,0.3584976484262933,0.9319309982193569,0,91,False
TACGGAGGATGCGAGCGTTATCCGGATTTATTGGGTTTAAAGGGTGCGTAGGCGGCACGCCAAGTCAGCGGTGAAATTTCCGGGCTCAACCCGGACTGTGCCGTTGAAACTGGCGAGCTAGAGTGCACAAGAGGCAGGCGGAATGCGTGGTGTAGCGGTGAAATGCATAGATATCACGCAGAACCCCGATTGCGAAGGCAGCCTGCTAGGGTGCGACAGACGCTGAGGCACGAAAGCGTGGGTATCGAACAGG,Bacteria,Bacteroidota,Bacteroidia,Bacteroidales,Barnesiellaceae,Barnesiella,,Bacteria*Bacteroidota*Bacteroidia*Bacteroidales*Barnesiellaceae*Barnesiella*_,1256.5577102321206,-3.8933644446673626e-05,0.00019046868285417534,-0.20440969015615865,0.8384898379001855,0.9930777837826986,0,91,False
TACGGAGGATGCGAGCGTTATCCGGATTTATTGGGTTTAAAGGGTGCGTAGGCGGCACGCCAAGTCAGCGGTGAAATTTCCGGGCTCAACCCGGAGTGTGCCGTTGAAACTGGCGAGCTAGAGTACACAAGAGGCAGGCGGAATGCGTGGTGTAGCGGTGAAATGCATAGATATCACGCAGAACCCCGATTGCGAAGGCAGCCTGCTAGGGTGAAACAGACGCTGAGGCACGAAAGCGTGGGTATCGAACAGG,Bacteria,Bacteroidota,Bacteroidia,Bacteroidales,Barnesiellaceae,Barnesiella,intestinihominis,Bacteria*Bacteroidota*Bacteroidia*Bacteroidales*Barnesiellaceae*Barnesiella*intestinihominis,1260.8891565406145,-0.0043489210933928225,0.00126751423333022,-3.4310629253973963,0.0009059279293813068,0.20332356126522674,0,91,False
TACGGAGGATGCGAGCGTTATCCGGATTTATTGGGTTTAAAGGGTGCGTAGGCGGCACGCCAAGTCAGCGGTGAAATTTCCGGGCTCAACCCGGAGTGTGCCGTTGAAACTGGCGAGCTAGAGTGCACAAGAGGCAGGCGGAATGCGTGGTGTAGCGGTGAAATGCATAGATATCACGCAGAACCCCGATTGCGAAGGCAGCCTGCTAGGGTGAAACAGACGCTGAGGCACGAAAGCGTGGGTATCGAACAGG,Bacteria,Bacteroidota,Bacteroidia,Bacteroidales,Barnesiellaceae,Barnesiella,intestinihominis,Bacteria*Bacteroidota*Bacteroidia*Bacteroidales*Barnesiellaceae*Barnesiella*intestinihominis,1256.3819917418045,0.0008513123311824434,0.0007058204330021452,1.2061316042686114,0.2308932485136453,0.8853818901235723,0,91,False
TACGGAGGATGCGAGCGTTATCCGGATTTATTGGGTTTAAAGGGTGCGTAGGCGGCACGCCAAGTCAGCGGTGAAATTTCCGGGCTCAACCCGGAGTGTGCCGTTGAAACTGGCGAGCTAGAGTGCACAAGAGGCAGGCGGAATGCGTGGTGTAGCGGTGAAATGCATAGATATCACGCAGAACCCCGATTGCGAAGGCAGCCTGCTAGGGTGCGACAGACGCTGAGGCACGAAAGCGTGGGTATCGAACAGG,Bacteria,Bacteroidota,Bacteroidia,Bacteroidales,Barnesiellaceae,Barnesiella,,Bacteria*Bacteroidota*Bacteroidia*Bacteroidales*Barnesiellaceae*Barnesiella*_,1257.4302728271812,-0.0011471287858394357,0.0008712735965389398,-1.3166114414534162,0.19127523121544052,0.8826670779283483,0,91,False
TACGGAGGATGCGAGCGTTATCCGGATTTATTGGGTTTAAAGGGTGCGTAGGCGGCACGCCAAGTCAGCGGTGAAATTTTCGGGCTCAACCCGGACTGTGCCGTTGAAACTGGCGAGCTAGAGTGCACAAGAGGCAGGCGGAATGCGTGGTGTAGCGGTGAAATGCATAGATATCACGCAGAACCCCGATTGCGAAGGCAGCCTGCTAGGGTGCGACAGACGCTGAGGCACGAAAGCGTGGGTATCGAACAGG,Bacteria,Bacteroidota,Bacteroidia,Bacteroidales,Barnesiellaceae,Barnesiella,,Bacteria*Bacteroidota*Bacteroidia*Bacteroidales*Barnesiellaceae*Barnesiella*_,1256.4576898157557,0.002353269420289842,0.001304779768074254,1.8035759580814708,0.07460699890400288,0.8826670779283483,0,91,False
TACGGAGGATGCGAGCGTTATCCGGATTTATTGGGTTTAAAGGGTGCGTAGGCGGCATGACAAGTCAGCGGTGAAATGCCCGGGCTTAACCCGGGAGCTGCCGTTGAAACTGTCGAGCTAGCGTGCACAAGAGGTAGGCGGAATGCGTGGTGTAGCGGTGAAATGCATAGATATCACGCAGAACCCCGATTGCGAAGGCAGCCTACTAGGGTGCAACGGACGCTGAAGCACGAAAGCGTGGGTATCGAACAGG,Bacteria,Bacteroidota,Bacteroidia,Bacteroidales,Barnesiellaceae,Barnesiella,,Bacteria*Bacteroidota*Bacteroidia*Bacteroidales*Barnesiellaceae*Barnesiella*_,1256.7093602997054,-0.00037875587507251704,0.00020009812404317152,-1.892850704541337,0.06155604986978568,0.8826670779283483,0,91,False
TACGGAGGATGCGAGCGTTATCCGGATTTATTGGGTTTAAAGGGTGCGTAGGCGGCCCTATAAGTCAGCGGTGAAAATTTTCGGCTCAACCGGAAAAGTGCCGTTGAAACTGTAGAGCTAGAGTACACAAGAGGTATGCGGAATGCGTGGTGTAGCGGTGAAATGCATAGATATCACGCAGAACCCCGATTGCGAAGGCAGCATACTGGGGTGAAACAGACGCTGAAGCACGAAAGCGTGGGTATCGAACAGG,Bacteria,Bacteroidota,Bacteroidia,Bacteroidales,Barnesiellaceae,Coprobacter,,Bacteria*Bacteroidota*Bacteroidia*Bacteroidales*Barnesiellaceae*Coprobacter*_,1256.4197751757154,-2.6323584797335704e-05,5.345220835258265e-05,-0.49246954632256695,0.623573539664243,0.9598764883716622,0,91,False
TACGGAGGATGCGAGCGTTATCCGGATTTATTGGGTTTAAAGGGTGCGTAGGCGGCCCTATAAGTCAGCGGTGAAATGTTCCGGCTCAACCGGGAAACTGCCGTTGAAACTGTAGGGCTAGAGTCCACAAGAGGTATGCGGAATGCGTGGTGTAGCGGTGAAATGCATAGATATCACGCAGAACCCCGATTGCGAAGGCAGCATACTGGGGTGAAACAGACGCTGAAGCACGAAAGCGTGGGTATCGAACAGG,Bacteria,Bacteroidota,Bacteroidia,Bacteroidales,Barnesiellaceae,Coprobacter,,Bacteria*Bacteroidota*Bacteroidia*Bacteroidales*Barnesiellaceae*Coprobacter*_,1256.401516749803,3.409276093906794e-05,6.917234145163195e-05,0.49286694976064893,0.6232937936421689,0.9598764883716622,0,91,False
TACGGAGGATGCGAGCGTTATCCGGATTTATTGGGTTTAAAGGGTGCGTAGGCGGCGGTGCAAGTCAGCGGTAAAAGCCCGGGGCTCAACCCCGGCGAGCCGTTGAAACTGCAGTGCTAGAGAAGGCGAGAGGTACGCGGAATGCGCAGTGTAGCGGTGAAATGCTTAGATATTGCGCAGAACTCCGATTGCGAAGGCAGCGTACTGGCGCCTGACTGACGCTGAGGCACGAAAGCGTGGGGATCGAACAGG,Bacteria,Bacteroidota,Bacteroidia,Bacteroidales,Muribaculaceae,,,Bacteria*Bacteroidota*Bacteroidia*Bacteroidales*Muribaculaceae*_*_,1256.6452417463508,-0.00018036436400851102,0.0002774075280701626,-0.6501783324455882,0.5172151145430639,0.9539541331513363,0,91,False
TACGGAGGATGCGAGCGTTATCCGGATTTATTGGGTTTAAAGGGTGCGTAGGCGGCTTTATAAGTTAGTGGTAAAATTTCGGAGCTTCACTCCGGTCCGCCATTAAAACTGTAGAGCTAGAGAATGGACGAGGTAGGCGGAATAAGTTAAGTAGCGGTGAAATGCATAGATATAACTTAGAACTCCGATAGCGAAGGCAGCTTACCAGACCATAACTGACGCTGATGCACGAGAGCGTGGGTAGCGAACAGG,Bacteria,Bacteroidota,Bacteroidia,Bacteroidales,Marinifilaceae,Odoribacter,laneus,Bacteria*Bacteroidota*Bacteroidia*Bacteroidales*Marinifilaceae*Odoribacter*laneus,1256.62775297525,-4.082433909693338e-06,0.0004291518575091999,-0.00951279561828722,0.9924308255837098,0.9999331984954238,0,91,False
TACGGAGGATGCGAGCGTTATCCGGATTTATTGGGTTTAAAGGGTGCGTAGGCGGTTTATTAAGTTAGTGGTTAAATATTTGAGCTAAACTCAATTGTGCCATTAATACTGGTAAACTGGAGTACAGACGAGGTAGGCGGAATAAGTTAAGTAGCGGTGAAATGCATAGATATAACTTAGAACTCCGATAGCGAAGGCAGCTTACCAGACTGTAACTGACGCTGATGCACGAGAGCGTGGGTAGCGAACAGG,Bacteria,Bacteroidota,Bacteroidia,Bacteroidales,Marinifilaceae,Odoribacter,splanchnicus,Bacteria*Bacteroidota*Bacteroidia*Bacteroidales*Marinifilaceae*Odoribacter*splanchnicus,1259.2197275307167,0.001891251036804345,0.0007410258666656858,2.5522065043615862,0.012370917551692331,0.75962931211253,0,91,False
TACGGAGGATGCGAGCGTTATCCGGATTTATTGGGTTTAAAGGGTGCGTAGGTGGCTTATTAAGTCAGCGGTGAAAGTTTGTGGCTTAACCATAAAATTGCCGTTGAAACTGGTTAGCTTGAGTATATTTGAGGTAGGCGGAATGCGTGGTGTAGCGGTGAAATGCATAGATATCACGCAGAACTCCGATTGCGAAGGCAGCTTACTAAACTATAACTGACACTGAAGCACGAAAGCGTGGGGATCAAACAGG,Bacteria,Bacteroidota,Bacteroidia,Bacteroidales,Tannerellaceae,,,Bacteria*Bacteroidota*Bacteroidia*Bacteroidales*Tannerellaceae*_*_,1256.3819917418045,-2.8897154008775816e-06,4.549242526204104e-05,-0.06352080339160913,0.9494911162568171,0.9930777837826986,0,91,False
TACGGAGGATGCGAGCGTTATCCGGATTTATTGGGTTTAAAGGGTGCGTAGGTGGTAATTTAAGTCAGCGGTGAAAGTTTGTGGCTCAACCATAAAATTGCCGTTGAAACTGGGTTACTTGAGTGTGTTTGAGGTAGGCGGAATGCGTGGTGTAGCGGTGAAATGCATAGATATCACGCAGAACTCCAATTGCGAAGGCAGCTTACTAAACCATAACTGACACTGAAGCACGAAAGCGTGGGTATCAAACAGG,Bacteria,Bacteroidota,Bacteroidia,Bacteroidales,Tannerellaceae,Parabacteroides,johnsonii,Bacteria*Bacteroidota*Bacteroidia*Bacteroidales*Tannerellaceae*Parabacteroides*johnsonii,1256.7262388937845,0.0019019163624674964,0.0010159610354772404,1.872036717996852,0.06441330165229098,0.8826670779283483,0,91,False
TACGGAGGATGCGAGCGTTATCCGGATTTATTGGGTTTAAAGGGTGCGTAGGTGGTCTTTTAAGTCAGCGGTGAAAGTTTGTGGCTCAACCATAAAATTGCCATTGAAACTGGGAGACTTGAGTATGTTTGAGGTAGGCGGAATGCGTGGTGTAGCGGTGAAATGCATAGATATCACGCAGAACTCCGATTGCGAAGGCAGCTTGCCAAGCCATAACTGACACTGAAGCACGAAAGCGTGGGTATCAAACAGG,Bacteria,Bacteroidota,Bacteroidia,Bacteroidales,Tannerellaceae,Parabacteroides,,Bacteria*Bacteroidota*Bacteroidia*Bacteroidales*Tannerellaceae*Parabacteroides*_,1257.2764393813418,0.0017772277354147297,0.0031545233577515777,0.5633902602266572,0.5745548156780642,0.9539541331513363,0,91,False
TACGGAGGATGCGAGCGTTATCCGGATTTATTGGGTTTAAAGGGTGCGTAGGTGGTGATTTAAGTCAGCGGTGAAAGTTTGTGGCTCAACCATAAAATTGCCGTTGAAACTGGGTTACTTGAGTGTGTTTGAGGTAGGCGGAATGCGTGGTGTAGCGGTGAAATGCATAGATATCACGCAGAACTCCGATTGCGAAGGCAGCTTACTAAACCATAACTGACACTGAAGCACGAAAGCGTGGGGATCAAACAGG,Bacteria,Bacteroidota,Bacteroidia,Bacteroidales,Tannerellaceae,Parabacteroides,merdae,Bacteria*Bacteroidota*Bacteroidia*Bacteroidales*Tannerellaceae*Parabacteroides*merdae,1290.768044767925,-0.012074129810180238,0.013592798223359775,-0.8882740412809451,0.3767352707038034,0.9406534746503771,0,91,False
TACGGAGGATGCGAGCGTTATCCGGATTTATTGGGTTTAAAGGGTGCGTAGGTGGTTAATTAAGTCAGCGGTGAAAGTTTGTGGCTCAACCATAAAATTGCCGTTGAAACTGGTTGACTTGAGTATATTTGAGGTAGGCGGAATGCGTGGTGTAGCGGTGAAATGCATAGATATCACGCAGAACTCCGATTGCGAAGGCAGCTTACTAAACTATAACTGACACTGAAGCACGAAAGCGTGGGGATCAAACAGG,Bacteria,Bacteroidota,Bacteroidia,Bacteroidales,Tannerellaceae,Parabacteroides,goldsteinii,Bacteria*Bacteroidota*Bacteroidia*Bacteroidales*Tannerellaceae*Parabacteroides*goldsteinii,1257.1977018155533,-0.00022106275862104538,0.00042200726363862017,-0.523836383087352,0.6016658296125621,0.9598764883716622,0,91,False
TACGGAGGATGCGAGCGTTATCCGGATTTATTGGGTTTAAAGGGTGCGTAGGTTGTTTTTTAAGTCAGCGGTGAAAGTTTGTGGCTCAACCATAAAATTGCCGTTGAAACTGGAAGACTTGAGTGTGTTTGAGGTAGGCGGAATGCGTGGTGTAGCGGTGAAATGCATAGATATCACGCAGAACTCCGATTGCGAAGGCAGCTTACTAAACCATAACTGACACTGAAGCACGAAAGCGTGGGGATCAAACAGG,Bacteria,Bacteroidota,Bacteroidia,Bacteroidales,Tannerellaceae,Parabacteroides,,Bacteria*Bacteroidota*Bacteroidia*Bacteroidales*Tannerellaceae*Parabacteroides*_,1256.3819917418045,1.1478535573190195e-05,4.951521968378336e-05,0.2318183307373977,0.8171996199232184,0.9930777837826986,0,91,False
TACGGAGGATTCAAGCGTTATCCGGATTTATTGGGTTTAAAGGGTGCGTAGGCGGTCTGATAAGTTAGAGGTGAAATCCCGGGGCTTAACTCCGGAATTGCCTCTGATACTGTTGGGCTAGAGAGTAGTTGCGGTAGGCGGAATGTATGGTGTAGCGGTGAAATGCTTAGAGATCATACAGAACACCGATTGCGAAGGCAGCTTACCAAACTATATCTGACGTTGAGGCACGAAAGCGTGGGGAGCAAACAGG,Bacteria,Bacteroidota,Bacteroidia,Bacteroidales,Rikenellaceae,Alistipes,massiliensis,Bacteria*Bacteroidota*Bacteroidia*Bacteroidales*Rikenellaceae*Alistipes*massiliensis,1257.3912598315635,-6.307498197696148e-05,0.0005469791285107719,-0.11531515315528044,0.9084494042134887,0.9930777837826986,0,91,False
TACGGAGGATTCAAGCGTTATCCGGATTTATTGGGTTTAAAGGGTGCGTAGGCGGTTTGATAAGTTAGAGGTGAAATACCGGTGCTTAACACCGGAACTGCCTCTAATACTGTTGAGCTAGAGAGTAGTTGCGGTAGGCGGAATGTATGGTGTAGCGGTGAAATGCTTAGAGATCATACAGAACACCGATTGCGAAGGCAGCTTACCAAACTATATCTGACGTTGAGGCACGAAAGCGTGGGGAGCAAACAGG,Bacteria,Bacteroidota,Bacteroidia,Bacteroidales,Rikenellaceae,Alistipes,,Bacteria*Bacteroidota*Bacteroidia*Bacteroidales*Rikenellaceae*Alistipes*_,1256.639706921388,0.0004115446536881537,0.0003303335557731924,1.2458457413594426,0.2160190668178969,0.8826670779283483,0,91,False
TACGGAGGATTCAAGCGTTATCCGGATTTATTGGGTTTAAAGGGTGCGTAGGCGGTTTGATAAGTTAGAGGTGAAATCCCGGGGCTTAACTCCGGAACTGCCTCTAATACTGTTAGACTAGAGAGTAGTTGCGGTAGGCGGAATGTATGGTGTAGCGGTGAAATGCTTAGAGATCATACAGAACACCGATTGCGAAGGCAGCTTACCAAACTATATCTGACGTTGAGGCACGAAAGCGTGGGGAGCAAACAGG,Bacteria,Bacteroidota,Bacteroidia,Bacteroidales,Rikenellaceae,Alistipes,,Bacteria*Bacteroidota*Bacteroidia*Bacteroidales*Rikenellaceae*Alistipes*_,1264.1520802388256,0.009849096057984978,0.01153347504278903,0.8539573737702617,0.3953710144866117,0.9431683284555131,0,91,False
TACGGAGGATTCAAGCGTTATCCGGATTTATTGGGTTTAAAGGGTGCGTAGGCGGTTTGATAAGTTAGAGGTGAAATGTTAGGGCTCAACCCTGAAACTGCCTCTAATACTGTTGGACTAGAGAGTAGTTGCGGTAGGCGGAATGTATGGTGTAGCGGTGAAATGCTTAGAGATCATACAGAACACCGATTGCGAAGGCAGCTTACCAAACTATATCTGACGTTGAGGCACGAAAGCGTGGGGAGCAAACAGG,Bacteria,Bacteroidota,Bacteroidia,Bacteroidales,Rikenellaceae,Alistipes,,Bacteria*Bacteroidota*Bacteroidia*Bacteroidales*Rikenellaceae*Alistipes*_,1256.4399873563937,5.570005398466374e-05,9.452208519003057e-05,0.5892808423838976,0.5571330294192773,0.9539541331513363,0,91,False
TACGGAGGATTCAAGCGTTATCCGGATTTATTGGGTTTAAAGGGTGCGTAGGCGGTTTGATAAGTTAGAGGTGAAATTTCGGGGCTCAACCCTGAACGTGCCTCTAATACTGTTGAGCTAGAGAGTAGTTGCGGTAGGCGGAATGTATGGTGTAGCGGTGAAATGCTTAGAGATCATACAGAACACCGATTGCGAAGGCAGCTTACCAAACTATATCTGACGTTGAGGCACGAAAGCGTGGGGAGCAAACAGG,Bacteria,Bacteroidota,Bacteroidia,Bacteroidales,Rikenellaceae,Alistipes,putredinis,Bacteria*Bacteroidota*Bacteroidia*Bacteroidales*Rikenellaceae*Alistipes*putredinis,1294.8222289973023,-0.01117346050713005,0.010127968772724748,-1.1032281751520479,0.2728370371559401,0.8853818901235723,0,91,False
TACGGAGGATTCGAGCGTTATCCGGATTTATTGGGTTTAAAGGGAGCGTAGGCGGGTTGTTAAGTCAGTTGTGAAAGTTTGCGGCTCAACCGTAAAATTGCAGTTGATACTGGCGACCTTGAGTGCAACAGAGGTAGGCGGAATTCGTGGTGTAGCGGTGAAATGCTTAGATATCACGAAGAACTCCGATTGCGAAGGCAGCTTACTGGATTGTAACTGACGCTGATGCTCGAAAGTGTGGGTATCAAACAGG,Bacteria,Bacteroidota,Bacteroidia,Bacteroidales,Bacteroidaceae,Bacteroides,stercoris,Bacteria*Bacteroidota*Bacteroidia*Bacteroidales*Bacteroidaceae*Bacteroides*stercoris,1262.5211533892846,-0.0067866980867019025,0.0026800053647541983,-2.532344963169265,0.013043949308682946,0.75962931211253,0,91,False
TACGGAGGGTCCAAGCGTTATCCGGATTTATTGGGTTTAAAGGGTGCGTAGGCGGTTAGATAAGTTAGAGGTGAAATACCGGTGCTTAACACCGGAACTGCCTCTAATACTGTTTAGCTAGAGAATAGTTGCGGTAGGCGGAATGTATGGTGTAGCGGTGAAATGCTTAGAGATCATACAGAACACCGATTGCGAAGGCAGCTTACCAAGCTATTTCTGACGTTGAGGCACGAAAGCGTGGGGAGCAAACAGG,Bacteria,Bacteroidota,Bacteroidia,Bacteroidales,Rikenellaceae,Alistipes,,Bacteria*Bacteroidota*Bacteroidia*Bacteroidales*Rikenellaceae*Alistipes*_,1256.3819917418045,2.0187139951059735e-05,5.719508318929167e-05,0.35295236627681426,0.7249404055878969,0.9886333883312699,0,91,False
TACGGAGGGTGCAAGCGTTAATCGGAATAACTGGGCGTAAAGGGCATGCAGGCGGTTCATCAAGTAGGATGTGAAATCCCCGGGCTCAACCTGGGAACAGCATACTAAACTGGTGGACTAGAGTATTGCAGGGGGAGACGGAATTCCAGGTGTAGCGGTGGAATGCGTAGATATCTGGAAGAACACCAAAGGCGAAGGCAGTCTCCTGGGCAAATACTGACGCTCATATGCGAAAGCGTGGGTAGCAAACAGG,Bacteria,Proteobacteria,Gammaproteobacteria,Aeromonadales,Succinivibrionaceae,Succinivibrio,,Bacteria*Proteobacteria*Gammaproteobacteria*Aeromonadales*Succinivibrionaceae*Succinivibrio*_,1270.550239524308,0.0007294927686916195,0.026147364944982168,0.027899284315133766,0.9778035727800192,0.9999331984954238,0,91,False
TACGGAGGGTGCAAGCGTTAATCGGAATCACTGGGCGTAAAGCGCACGTAGGCGGCTTGGTAAGTCAGGGGTGAAATCCCACAGCCCAACTGTGGAACTGCCTTTGATACTGCCAGGCTTGAGTACCGGAGAGGGTGGCGGAATTCCAGGTGTAGGAGTGAAATCCGTAGATATCTGGAGGAACACCGGTGGCGAAGGCGGCCACCTGGACGGTAACTGACGCTGAGGTGCGAAAGCGTGGGTAGCAAACAGG,Bacteria,Desulfobacterota,Desulfovibrionia,Desulfovibrionales,Desulfovibrionaceae,Bilophila,wadsworthia,Bacteria*Desulfobacterota*Desulfovibrionia*Desulfovibrionales*Desulfovibrionaceae*Bilophila*wadsworthia,1261.7946215683228,0.0021062614434606895,0.003102747258596857,0.6788375809936887,0.4989636187523334,0.9539541331513363,0,91,False
TACGGAGGGTGCAAGCGTTAATCGGAATCACTGGGCGTAAAGCGCACGTAGGCTGTCATGTAAGTCAGGGGTGAAATCCCACGGCTCAACCGTGGAACTGCCCTTGATACTGCACGACTTGAATCCGGGAGAGGGTGGCGGAATTCCAGGTGTAGGAGTGAAATCCGTAGATATCTGGAGGAACATCAGTGGCGAAGGCGGCCACCTGGACCGGTATTGACGCTGAGGTGCGAAAGCGTGGGGAGCAAACAGG,Bacteria,Desulfobacterota,Desulfovibrionia,Desulfovibrionales,Desulfovibrionaceae,Desulfovibrio,,Bacteria*Desulfobacterota*Desulfovibrionia*Desulfovibrionales*Desulfovibrionaceae*Desulfovibrio*_,1256.3819917418045,6.448542831567872e-05,0.00010034752425780283,0.6426210192292259,0.5220858608958251,0.9539541331513363,0,91,False
TACGGAGGGTGCAAGCGTTAATCGGAATCACTGGGCGTAAAGCGCACGTAGGCTGTTATGTAAGTCAGGGGTGAAAGCCCACGGCTCAACCGTGGAACTGCCCTTGATACTGCACGACTCGAATCCGGGAGAGGGTGGCGGAATTCCAGGTGTAGGAGTGAAATCCGTAGATATCTGGAGGAACATCAGTGGCGAAGGCGGCCACCTGGACCGGTATTGACGCTGAGGTGCGAAAGCGTGGGGAGCAAACAGG,Bacteria,Desulfobacterota,Desulfovibrionia,Desulfovibrionales,Desulfovibrionaceae,Desulfovibrio,piger,Bacteria*Desulfobacterota*Desulfovibrionia*Desulfovibrionales*Desulfovibrionaceae*Desulfovibrio*piger,1256.5603486828438,0.0002808327749797166,0.0003992817481092893,0.7033448844319539,0.48363650507652434,0.9539541331513363,0,91,False
TACGGAGGGTGCAAGCGTTAATCGGAATCACTGGGCGTAAAGCGCACGTAGGCTGTTATGTAAGTCAGGGGTGAAATCCCACGGCTCAACCGTGGAACTGCCCTTGATACTGCACGACTTGAATCCGGGAGAGGGTGGCGGAATTCCAGGTGTAGGAGTGAAATCCGTAGATATCTGGAGGAACATCAGTGGCGAAGGCGGCCACCTGGACCGGTATTGACGCTGAGGTGCGAAAGCGTGGGGAGCAAACAGG,Bacteria,Desulfobacterota,Desulfovibrionia,Desulfovibrionales,Desulfovibrionaceae,Desulfovibrio,,Bacteria*Desulfobacterota*Desulfovibrionia*Desulfovibrionales*Desulfovibrionaceae*Desulfovibrio*_,1259.5185825716078,-0.0018946176259698043,0.0022098546486329154,-0.8573494311681873,0.39350410441252703,0.9431683284555131,0,91,False
TACGGAGGGTGCAAGCGTTAATCGGAATTACTGGGCGTAAAGCGCACGCAGGCGGTCTGTCAAGTCGGATGTGAAATCCCCGGGCTCAACCTGGGAACTGCATCCGAAACTGGCAGGCTAGAGTCTTGTAGAGGGGGGTAGAATTCCAGGTGTAGCGGTGAAATGCGTAGAGATCTGGAGGAATACCGGTGGCGAAGGCGGCCCCCTGGACAAAGACTGACGCTCAGGTGCGAAAGCGTGGGGAGCAAACAGG,Bacteria,Proteobacteria,Gammaproteobacteria,Enterobacterales,Enterobacteriaceae,Citrobacter,,Bacteria*Proteobacteria*Gammaproteobacteria*Enterobacterales*Enterobacteriaceae*Citrobacter*_,1256.4577057714446,0.00010862392156506121,0.00017438802926556408,0.6228863415827985,0.5349171244670734,0.9539541331513363,0,91,False
TACGGAGGGTGCAAGCGTTAATCGGAATTACTGGGCGTAAAGCGCACGCAGGCGGTCTGTCAAGTCGGATGTGAAATCCCCGGGCTCAACCTGGGAACTGCATTCGAAACTGGCAGGCTAGAGTCTTGTAGAGGGGGGTAGAATTCCAGGTGTAGCGGTGAAATGCGTAGAGATCTGGAGGAATACCGGTGGCGAAGGCGGCCCCCTGGACAAAGACTGACGCTCAGGTGCGAAAGCGTGGGGAGCAAACAGG,Bacteria,Proteobacteria,Gammaproteobacteria,Enterobacterales,Enterobacteriaceae,Klebsiella,,Bacteria*Proteobacteria*Gammaproteobacteria*Enterobacterales*Enterobacteriaceae*Klebsiella*_,1258.0278446974603,-9.949723014611625e-05,0.0014690172432937556,-0.06773047123873688,0.9461487885541642,0.9930777837826986,0,91,False
TACGGAGGGTGCAAGCGTTAATCGGAATTACTGGGCGTAAAGCGCACGCAGGCGGTTTGTTAAGTCAGATGTGAAATCCCCGGGCTCAACCTGGGAACTGCATCTGATACTGGCAAGCTTGAGTCTCGTAGAGGGGGGTAGAATTCCAGGTGTAGCGGTGAAATGCGTAGAGATCTGGAGGAATACCGGTGGCGAAGGCGGCCCCCTGGACGAAGACTGACGCTCAGGTGCGAAAGCGTGGGGAGCAAACAGG,Bacteria,Proteobacteria,Gammaproteobacteria,Enterobacterales,Enterobacteriaceae,Escherichia/Shigella,,Bacteria*Proteobacteria*Gammaproteobacteria*Enterobacterales*Enterobacteriaceae*Escherichia/Shigella*_,1258.1256214594982,0.001894318294255591,0.0016306351285208603,1.1617058047645006,0.24839296755042425,0.8853818901235723,0,91,False
TACGGAGGGTGCAAGCGTTAATCGGAATTACTGGGCGTAAAGCGCACGTAGGCTGTAGTGTAAGTCAGGGGTGAAATCCCACGGCTCAACCGTGGAACTGCCTTTGATACTGCACAACTTGAATCCGGGAGAGGGTGGCGGAATTCCAGGTGTAGGAGTGAAATCCGTAGATATCTGGAGGAACATCAGTGGCGAAGGCGGCCACCTGGACCGGTATTGACGCTGAGGTGCGAAAGCGTGGGGAGCAAACAGG,Bacteria,Desulfobacterota,Desulfovibrionia,Desulfovibrionales,Desulfovibrionaceae,Desulfovibrio,,Bacteria*Desulfobacterota*Desulfovibrionia*Desulfovibrionales*Desulfovibrionaceae*Desulfovibrio*_,1256.4125979748042,-1.913821456134824e-05,5.2371693610436865e-05,-0.3654305072451255,0.7156381006246881,0.9886333883312699,0,91,False
TACGGAGGGTGCAAGCGTTAATCGGAATTACTGGGCGTAAAGCGCACGTAGGCTGTTGTGTAAGTCAGGGGTGAAATCCCACGGCTCAACCGTGGAACTGCCCTTGATACTGCATGACTTGAATCCGGGAGAGGGTGGCGGAATTCCAGGTGTAGGAGTGAAATCCGTAGATATCTGGAGGAACATCAGTGGCGAAGGCGGCCACCTGGACCGGTATTGACGCTGAGGTGCGAAAGCGTGGGGAGCAAACAGG,Bacteria,Desulfobacterota,Desulfovibrionia,Desulfovibrionales,Desulfovibrionaceae,Desulfovibrio,fairfieldensis,Bacteria*Desulfobacterota*Desulfovibrionia*Desulfovibrionales*Desulfovibrionaceae*Desulfovibrio*fairfieldensis,1256.4310620556244,4.6944637705896434e-05,0.00011579210570289866,0.40542174633517575,0.6861191263442078,0.9811380622590592,0,91,False
TACGGAGGGTGCAAGCGTTAATCGGAATTACTGGGCGTAAAGCGCATGTAGGCTGTATGGCAAGTTGGGGGTGAAATCCCACGGCTCAACCGTGGAACTGCCTTCAAAACTACCAAACTAGAGTGCGAGAGAGGATAGCGGAATTCCAGGTGTAGGAGTGAAATCCGTAGATATCTGGAAGAACATCAGTGGCGAAGGCGGCTATCTGGCTCGTAACTGACGCTGAGATGCGAAAGCGTGGGTAGCAAACAGG,Bacteria,Desulfobacterota,Desulfovibrionia,Desulfovibrionales,Desulfovibrionaceae,Mailhella,,Bacteria*Desulfobacterota*Desulfovibrionia*Desulfovibrionales*Desulfovibrionaceae*Mailhella*_,1256.3819917418045,-2.8897154008775816e-06,4.549242526204104e-05,-0.06352080339160913,0.9494911162568171,0.9930777837826986,0,91,False
TACGGAGGGTGCAAGCGTTAATCGGAATTACTGGGCGTAAAGCGCGTGTAGGCTGTACGGCAAGTTGGAGGTGAAATCCCACGGCTCAACCGTGGAACTGCCTTCAAAACTACCGAACTGGAGTGCGAGAGAGGATAGCGGAATTCCAGGTGTAGGAGTGAAATCCGTAGATATCTGGAAGAACATCAGTGGCGAAGGCGGCTATCTGGCTCGTAACTGACGCTGAGATGCGAAAGCGTGGGTAGCAAACAGG,Bacteria,Desulfobacterota,Desulfovibrionia,Desulfovibrionales,Desulfovibrionaceae,Mailhella,,Bacteria*Desulfobacterota*Desulfovibrionia*Desulfovibrionales*Desulfovibrionaceae*Mailhella*_,1256.3819917418045,-2.8897154008775816e-06,4.549242526204104e-05,-0.06352080339160913,0.9494911162568171,0.9930777837826986,0,91,False
TACGGAGGGTGCAAGCGTTGTCCGGAATCATTGGGCGTAAAGAGTTCGTAGGTGGTTTGTTAAGTTTGGTGTTAAATGCAGAGGCTCAACTTCTGTTCGGCATCGGATACTGGCAGACTAGAATGCGGTAGAGGTAAAGGGAATTCCTGGTGTAGCGGTGAAATGCGTAGATATCAGGAGGAACATCGGTGGCGTAAGCGCTTTACTGGGCCGTAATTGACACTGAGGAACGAAAGCCAGGGTAGCAAATGGG,Bacteria,Cyanobacteria,Vampirivibrionia,Gastranaerophilales,,,,Bacteria*Cyanobacteria*Vampirivibrionia*Gastranaerophilales*_*_*_,1259.63778623407,-0.0016948826048600902,0.0017222329437286425,-0.9841192569401566,0.3276662189917011,0.9189073084248836,0,91,False
TACGGAGGGTGCGAGCGTTAATCGGAATAACTGGGCGTAAAGGGCACGCAGGCGGTGACTTAAGTGAGGTGTGAAAGCCCCGGGCTTAACCTGGGAATTGCATTTCATACTGGGTCGCTAGAGTACTTTAGGGAGGGGTAGAATTCCACGTGTAGCGGTGAAATGCGTAGAGATGTGGAGGAATACCGAAGGCGAAGGCAGCCCCTTGGGAATGTACTGACGCTCATGTGCGAAAGCGTGGGGAGCAAACAGG,Bacteria,Proteobacteria,Gammaproteobacteria,Pasteurellales,Pasteurellaceae,Haemophilus,,Bacteria*Proteobacteria*Gammaproteobacteria*Pasteurellales*Pasteurellaceae*Haemophilus*_,1257.5270202663264,0.012622110097781804,0.014028358344940903,0.8997567489665503,0.37062455853874987,0.9401785925871162,0,91,False
TACGGAGGGTGCGAGCGTTAATCGGAATTACTGGGCGTAAAGCGCACGTAGGCTGTATATCAAGTCAAGGGTGAAATCCCCGGGCTCAACCTGGGAACTGCCTTTGAAACTGGTAAACTGGAGTATGTGAGAGGGTGGCGGAATTCCTGGTGTAGGAGTGAAATCCGTAGATATCAGGAGGAACATCAGTGGCGAAGGCGGCCACCTGGCACAAAACTGACGCTGAGGTGCGAAAGCGTGGGTAGCAAACAGG,Bacteria,Desulfobacterota,Desulfovibrionia,Desulfovibrionales,Desulfovibrionaceae,,,Bacteria*Desulfobacterota*Desulfovibrionia*Desulfovibrionales*Desulfovibrionaceae*_*_,1256.4146771866306,0.00016018945696689096,7.537333711798867e-05,2.1252801466934117,0.03627268899585587,0.8826670779283483,0,91,False
TACGGGGGATGCGAGCGTTATCCGGATTCATTGGGTTTAAAGGGTGCGTAGGCGGCCGAGTAAGTCAGCGGTGAAAGACCGGGGCTCAACCCTGGAAGTGCCGTTGATACTGTTTGGCTGGAATGATCCCGCCGCGGGAGGAATGAGTGGTGTAGCGGTGAAATGCATAGATATCACTCAGAACACCGATTGCGAAGGCATCTCGCGAGGGGTCAATTGACGCTGAGGCACGAAAGCGTGGGGATCGAACAGG,Bacteria,Bacteroidota,Bacteroidia,Bacteroidales,Rikenellaceae,Rikenellaceae_RC9_gut_group,,Bacteria*Bacteroidota*Bacteroidia*Bacteroidales*Rikenellaceae*Rikenellaceae_RC9_gut_group*_,1257.0142187444653,-0.0006865260191390161,0.0005267816917707726,-1.3032457844752807,0.195778696902005,0.8826670779283483,0,91,False
TACGGGGGATGCGAGCGTTATCCGGATTCATTGGGTTTAAAGGGTGCGTAGGCTGTGCGTCAAGTCAGGGGTGAAATTCCGGGGCTCAACTCCGGGGCTGCCCTTGATACTGTCGCGCTGGAGTGCGGATGCCGCCGGAGGAATGAGTGGTGTAGCGGTGAAATGCTTAGATATCACTCAGAACACCGATTGCGAAGGCATCTGGCGAATCCGTAACTGACGCTGAGGCACGAAAGCGTGGGGATAGAACAGG,Bacteria,Bacteroidota,Bacteroidia,Bacteroidales,Rikenellaceae,Rikenellaceae_RC9_gut_group,,Bacteria*Bacteroidota*Bacteroidia*Bacteroidales*Rikenellaceae*Rikenellaceae_RC9_gut_group*_,1256.3819917418045,-2.8897154008775816e-06,4.549242526204104e-05,-0.06352080339160913,0.9494911162568171,0.9930777837826986,0,91,False
TACGGGGGATGCGAGCGTTATCCGGATTTATTGGGTTTAAAGGGCGCGTAGGCGGGACGCCAAGTCAGCGGTAAAAGACTGCAGCTAAACTGTAGCACGCCGTTGAAACTGGCGACCTGGAGACGAGACGAGGGAGGCGGAACAAGTGAAGTAGCGGTGAAATGCTTAGATATCACTTGGAACCCCGATAGCGAAGGCAGCTTCCCAGGCTCGATCTGACGCTGATGCGCGAGAGCGTGGGTAGCGAACAGG,Bacteria,Bacteroidota,Bacteroidia,Bacteroidales,Marinifilaceae,Butyricimonas,paravirosa,Bacteria*Bacteroidota*Bacteroidia*Bacteroidales*Marinifilaceae*Butyricimonas*paravirosa,1256.7731019418875,0.000257451838544386,0.00029289726024353297,0.8789834303343247,0.38172538443563486,0.9406996616723681,0,91,False
TACGGGGGATGCGAGCGTTATCCGGATTTATTGGGTTTAAAGGGCGCGTAGGCGGGACGCCAAGTCAGCGGTAAAAGACTGCAGCTAAACTGTAGCACGCCGTTGAAACTGGCGCCCTCGAGACGAGACGAGGGAGGCGGAACAAGTGAAGTAGCGGTGAAATGCTTAGATATCACTTGGAACCCCGATAGCGAAGGCAGCTTCCCAGGCTCGATCTGACGCTGATGCGCGAGAGCGTGGGTAGCGAACAGG,Bacteria,Bacteroidota,Bacteroidia,Bacteroidales,Marinifilaceae,Butyricimonas,faecihominis,Bacteria*Bacteroidota*Bacteroidia*Bacteroidales*Marinifilaceae*Butyricimonas*faecihominis,1257.2254506626857,-0.0004329498053551315,0.0003405075115571832,-1.2714838605914982,0.20679675148554538,0.8826670779283483,0,91,False
TACGGGGGATGCGAGCGTTATCCGGATTTATTGGGTTTAAAGGGCGCGTAGGCGGGACGGCAAGTCAGCGGTAAAAGACTGCAGCTAAACTGTAGCACGCCGTTGAAACTGGCGCCCTGGAGACGAGACGAGGGAGGCGGAACAAGTGAAGTAGCGGTGAAATGCATAGATATCACTTGGAACCCCGATAGCGAAGGCAGCTTCCCAGGCTCGTTCTGACGCTGATGCGCGAGAGCGTGGGTAGCGAACAGG,Bacteria,Bacteroidota,Bacteroidia,Bacteroidales,Marinifilaceae,Butyricimonas,,Bacteria*Bacteroidota*Bacteroidia*Bacteroidales*Marinifilaceae*Butyricimonas*_,1256.4919939372642,-0.00012919897156103143,7.739755836682598e-05,-1.6692900175053649,0.09849680851708599,0.8826670779283483,0,91,False
TACGGGGGATGCGAGCGTTATCCGGATTTATTGGGTTTAAAGGGCGCGTAGGCGGGACGGCAAGTCAGCGGTAAAAGACTGCAGCTAAACTGTAGCACGCCGTTGAAACTGTTGACCTCGAGACGAGACGAGGGAGGCGGAACAAGTGAAGTAGCGGTGAAATGCATAGATATCACTTGGAACCCCGATAGCGAAGGCAGCTTCCCAGGCTCGTTCTGACGCTGATGCGCGAGAGCGTGGGTAGCGAACAGG,Bacteria,Bacteroidota,Bacteroidia,Bacteroidales,Marinifilaceae,Butyricimonas,virosa,Bacteria*Bacteroidota*Bacteroidia*Bacteroidales*Marinifilaceae*Butyricimonas*virosa,1256.579954383735,8.388189294362435e-05,0.0002337838140141746,0.3588011141718241,0.7205749947149948,0.9886333883312699,0,91,False
TACGGGGGATGCGAGCGTTATCCGGATTTATTGGGTTTAAAGGGCGCGTAGGCGGGACGTCAAGTCAGCGGTAAAAGACTGCAGCTAAACTGTAGCACGCCGTTGAAACTGGCGCCCTCGAGACGAGACGAGGGAGGCGGAACAAGTGAAGTAGCGGTGAAATGCATAGATATCACTTGGAACCCCGATAGCGAAGGCAGCTTCCCAGGCTCGATCTGACGCTGATGCGCGAGAGCGTGGGTAGCGAACAGG,Bacteria,Bacteroidota,Bacteroidia,Bacteroidales,Marinifilaceae,Butyricimonas,,Bacteria*Bacteroidota*Bacteroidia*Bacteroidales*Marinifilaceae*Butyricimonas*_,1256.3819917418045,0.00011545765247049543,0.0001684198290132329,0.6855347921141982,0.4947492276304011,0.9539541331513363,0,91,False
TACGGGGGATGCGAGCGTTATCCGGATTTATTGGGTTTAAAGGGCGCGTAGGCGGGACGTCAAGTCAGCGGTAAAAGACTGCAGCTAAACTGTAGCACGCCGTTGAAACTGGCGCCCTCGAGACGAGACGAGGGAGGCGGAACAAGTGAAGTAGCGGTGAAATGCATAGATATCACTTGGAACCCCGATAGCGAAGGCAGCTTCCCAGGCTCGTTCTGACGCTGATGCGCGAGAGCGTGGGTAGCGAACAGG,Bacteria,Bacteroidota,Bacteroidia,Bacteroidales,Marinifilaceae,Butyricimonas,,Bacteria*Bacteroidota*Bacteroidia*Bacteroidales*Marinifilaceae*Butyricimonas*_,1256.5102047298694,6.742624003937741e-05,0.00019473671026425823,0.34624308867023496,0.7299593102515176,0.9890574954602473,0,91,False
TACGGGGGATGCGAGCGTTATCCGGATTTATTGGGTTTAAAGGGCGCGTAGGCGGGACGTCAAGTCAGCGGTAAAAGACTGCAGCTAAACTGTAGCACGCCGTTGAAACTGGCGCCCTGGAGACGAGACGAGGGAGGCGGAACAAGTGAAGTAGCGGTGAAATGCATAGATATCACTTGGAACCCCGATAGCGAAGGCAGCTTCCCAGGCTCGTTCTGACGCTGATGCGCGAGAGCGTGGGTAGCGAACAGG,Bacteria,Bacteroidota,Bacteroidia,Bacteroidales,Marinifilaceae,Butyricimonas,virosa,Bacteria*Bacteroidota*Bacteroidia*Bacteroidales*Marinifilaceae*Butyricimonas*virosa,1256.6601435635976,0.00013630646386835076,0.0002739704212156341,0.4975225546741337,0.620020675594847,0.9598764883716622,0,91,False
TACGGGGGATGCGAGCGTTATCCGGATTTATTGGGTTTAAAGGGTGCGTAGGCGGGGTGGTAAGTCAGCCGTGAAATGTCCACGCTCAACGTGGAACGTGCGTTTGATACTGCCGTCCTGGAATGCGGATGCCGTGGGAGGAATGTGTGGTGTAGCGGTGAAATGCATAGATATCACACAGAACACCGATTGCGAAGGCATCTCACGAATCCGCAATTGACGCTGAGGCACGAAAGCGCGGGTATCGAACAGG,Bacteria,Bacteroidota,Bacteroidia,Bacteroidales,Rikenellaceae,Rikenellaceae_RC9_gut_group,,Bacteria*Bacteroidota*Bacteroidia*Bacteroidales*Rikenellaceae*Rikenellaceae_RC9_gut_group*_,1256.466306488474,-9.970452672488632e-05,8.143114573538199e-05,-1.2244028476387323,0.22396062592408275,0.8853818901235723,0,91,False
TACGGGGGGTGCAAGCGTTGTCCGGAATCATTGGGCGTAAAGAGTTCGTAGGCGGCATGTCAAGTCTGGTGTTAAATCCTGAGGCTCAACTTCAGTTCAGCACTGGATACTGGCAAGCTAGAATGCGGTAGAGGTAAAGGGAATTCCTGGTGTAGCGGTGAAATGCGTAGATATCAGGAAGAACACCGGTGGCGTAAGCGCTTTACTGGGCCGTTATTGACGCTGAGGAACGAAAGCCGGGGGAGCGAATGGG,Bacteria,Cyanobacteria,Vampirivibrionia,Gastranaerophilales,,,,Bacteria*Cyanobacteria*Vampirivibrionia*Gastranaerophilales*_*_*_,1256.664113507031,-0.0002682705858989609,0.0001458257242311565,-1.8396657195661186,0.06907766045491659,0.8826670779283483,0,91,False
TACGGGGGGTGCAAGCGTTGTCCGGAATCATTGGGCGTAAAGAGTTCGTAGGTGGTATGTTAAGTCTGGTGTTAAATTCTGAAGCTCAACTTCAGTAGGGCACTGGATACTGGCAAACTAGAATGCGGTAGAGGTAAAGGGAATTCCTGGTGTAGCGGTGAAATGCGTAGATATCAGGAGGAACATCGGTGGCGTAAGCGCTTTACTGGGCCGTAATTGACACTGAGGAACGAAAGCCGGGGTAGCAAATGGG,Bacteria,Cyanobacteria,Vampirivibrionia,Gastranaerophilales,,,,Bacteria*Cyanobacteria*Vampirivibrionia*Gastranaerophilales*_*_*_,1256.7943609057597,-0.0003293900009861784,0.00032676141799783433,-1.0080443493128723,0.316106078455839,0.9189073084248836,0,91,False
TACGTAAGGGGCAAGCGTTATCCGGATTTACTGGGTGTAAAGGGAGCGTAGACGGCAGTGCAAGTCTGATGTGAAAGCCCGGGGCTCAACCCCGGGACTGCATTGGAAACTGTGCAGCTAGAGTGTCGGAGAGGTAAGTGGAATTCCTAGTGTAGCGGTGAAATGCGTAGATATTAGGAGGAACACCAGTGGCGAAGGCGGCTTACTGGACGATAACTGACGTTGAGGCTCGAAAGCGTGGGGAGCAAACAGG,Bacteria,Firmicutes,Clostridia,Lachnospirales,Lachnospiraceae,Lactonifactor,longoviformis,Bacteria*Firmicutes*Clostridia*Lachnospirales*Lachnospiraceae*Lactonifactor*longoviformis,1256.4099136395364,1.1483005636243952e-05,6.180796218463562e-05,0.18578521650562402,0.8530266950834375,0.9930777837826986,0,91,False
TACGTAAGGGGCAAGCGTTATCCGGATTTACTGGGTGTAAAGGGAGCGTAGACGGTTTGGCAAGTCTGATGTGAAAGGCATGGGCTCAACCTGTGGACTGCATTGGAAACTGTCAGACTTGAGTGCCGGAGAGGCAAGCGGAATTCCTAGTGTAGCGGTGAAATGCGTAGATATTAGGAGGAACACCAGTGGCGAAGGCGGCCTGCTGGACGGTAACTGACGTTGAGGCTCGAAAGCGTGGGGAGCAAACAGG,Bacteria,Firmicutes,Clostridia,Lachnospirales,Lachnospiraceae,Blautia,hydrogenotrophica,Bacteria*Firmicutes*Clostridia*Lachnospirales*Lachnospiraceae*Blautia*hydrogenotrophica,1256.742642795088,-6.579456433548322e-05,0.0002769394565293845,-0.23757742995535244,0.8127429339630308,0.9930777837826986,0,91,False
TACGTAAGGGGCGAGCGTTGTCCGGAATTATTGGGCGTAAAGAGTGCGTAGGCGGCAAATTAAGTCAGATGTGAAAACTAAGGGCTCAACCCATAGATTGCATCTGAAACTGATATGCTTGAGTCAAGGAGAGGAAAGTGGAATTCCTAGTGTAGCGGTGGAATGCGTAGATATTAGGAGGAATACCGGTGGCGAAGGCGACTTTCTGGACTTGAACTGACGCTGAGGCACGAAAGCGTGGGGAGCAAACAGG,Bacteria,Firmicutes,Clostridia,Peptostreptococcales-Tissierellales,Peptostreptococcales-Tissierellales_fa,Fenollaria,,Bacteria*Firmicutes*Clostridia*Peptostreptococcales-Tissierellales*Peptostreptococcales-Tissierellales_fa*Fenollaria*_,1256.396501142254,-2.7293318370584356e-06,4.8838376644471134e-05,-0.05588498276523727,0.9555559531611861,0.9930777837826986,0,91,False
TACGTAGATGGCGAGCGTTGTCCGGAATTACTGGGTGTAAAGGGAGTGTAGGCGGGATCATAAGTTGCGTGTGAAATGCAGGGGCTCAACCCCTGAACTGCGCGCAAAACTGTGGTTCTTGAGTGAAGTAGAGGCAGGCGGAATTCCCGGTGTAGCGGTGGAATGCGTAGATATCGGGAGGAACACCAGTGGCGAAGGCGGCCTGCTGGGCTTTTACTGACGCTGAGGCTCGAAAGCATGGGGAGCAAACAGG,Bacteria,Firmicutes,Clostridia,Oscillospirales,Ruminococcaceae,Candidatus_Soleaferrea,,Bacteria*Firmicutes*Clostridia*Oscillospirales*Ruminococcaceae*Candidatus_Soleaferrea*_,1256.4212501670256,-3.596755535916274e-05,4.899218185443429e-05,-0.734148878407368,0.46474544885463076,0.9539541331513363,0,91,False
TACGTAGATGGCGAGCGTTGTCCGGAATTACTGGGTGTAAAGGGAGTGTAGGCGGGCTGGTAAGTTGAATGTGAAACCTTCGGGCTCAACCCGGAGCGTGCGTTCAAAACTGCTGGTCTTGAGTGAAGTAGAGGCAGGCGGAATTCCCGGTGTAGCGGTGGAATGCGTAGATATCGGGAGGAACACCAGTGGCGAAGGCGGCCTGCTGGGCTTTTACTGACGCTGAGGCTCGAAAGCATGGGTAGCAAACAGG,Bacteria,Firmicutes,Clostridia,Oscillospirales,Ruminococcaceae,Candidatus_Soleaferrea,,Bacteria*Firmicutes*Clostridia*Oscillospirales*Ruminococcaceae*Candidatus_Soleaferrea*_,1256.3925435886633,-7.391011163631947e-06,4.74492529134432e-05,-0.1557666498377669,0.8765619765368987,0.9930777837826986,0,91,False
TACGTAGGAGGCAAGCGTTATCCGGAATGACTGGGCGTAAAGGGTGCGTAGGTGGCTTGGCAAGTTGGTAGCGTAATTCCGAGGCTCAACCTCGGCGCTACTACCAAAACTGTCAGGCTCGAGTGCAGGAGGGGTAAGTGGAATTCCTAGTGTAGCGGTGGAATGCGTAGATATTAGGAGGAACATCGGTGGCGAAGGCGACTTACTGGACTGTAACTGACACTGAAGCACGAAAGCGTGGGGAGCAAACAGG,Bacteria,Firmicutes,Clostridia,Clostridia_vadinBB60_group,,,,Bacteria*Firmicutes*Clostridia*Clostridia_vadinBB60_group*_*_*_,1256.388283734605,7.97779094601894e-05,7.236716919831329e-05,1.1024047277788067,0.2731927944052923,0.8853818901235723,0,91,False
TACGTAGGATGCAAGCGTTATCCGGAATGACTGGGCGTAAAGGGTGCGTAGGTGGTTTGTCAAGTTGGCAGCGTAATTCCGTGGCTTAACCGCGGAACTACTGCCAAAACTGATAGGCTTGAGTGCGGCAGGGGTATGTGGAATTCCTAGTGTAGCGGTGGAATGCGTAGATATTAGGAGGAACACCGGTGGCGAAAGCGACATACTGGGCCGTAACTGACACTGAAGCACGAAAGCGTGGGGAGCAAACAGG,Bacteria,Firmicutes,Clostridia,Clostridia_vadinBB60_group,,,,Bacteria*Firmicutes*Clostridia*Clostridia_vadinBB60_group*_*_*_,1256.3906585473244,9.260799996395851e-05,7.37773991568136e-05,1.2552353569298442,0.21260718055335043,0.8826670779283483,0,91,False
TACGTAGGATGCAAGCGTTATCCGGATTTACTGGGTGTAAAGGGAGCGCAGGCGGGACTGCAAGTTGGATGTGAAATACCGTGGCTTAACCACGGAACTGCATCCAAAACTGTAGTTCTTGAGTGAAGTAGAGGCAAGCGGAATTCCGAGTGTAGCGGTGAAATGCGTAGATATTCGGAGGAACACCAGTGGCGAAGGCGGCTTGCTGGGCTTTAACTGACGCTGAGGCTCGAAAGTGTGGGGAGCAAACAGG,Bacteria,Firmicutes,Clostridia,Oscillospirales,,,,Bacteria*Firmicutes*Clostridia*Oscillospirales*_*_*_,1276.528659187586,-0.012646494792535403,0.006501711435401776,-1.945102442362379,0.054849821067591106,0.8826670779283483,0,91,False
TACGTAGGCGGCAAGCGTTGTCCGGAATTATTGGGCGTAAAGGGAGCGCAGGCGGGAAACTAAGCGGATCTTAAAAGTGCGGGGCTCAACCCCGTGATGGGGTCCGAACTGGTTTTCTTGAGTGCAGGAGAGGAAAGCGGAATTCCCAGTGTAGCGGTGAAATGCGTAGATATTGGGAAGAACACCAGTGGCGAAGGCGGCTTTCTGGACTGTAACTGACGCTGAGGCTCGAAAGCTAGGGTAGCGAACGGG,Bacteria,Firmicutes,Negativicutes,Veillonellales-Selenomonadales,Selenomonadaceae,Megamonas,funiformis,Bacteria*Firmicutes*Negativicutes*Veillonellales-Selenomonadales*Selenomonadaceae*Megamonas*funiformis,1258.7205699524864,0.0016458072956467694,0.0035418364008327186,0.4646762609531668,0.6432732144765484,0.9685280873155366,0,91,False
TACGTAGGGAGCAAGCGTTATCCGGATTTACTGGGTGTAAAGGGCGAGTAGGCGGGCTGGCAAGTTGGGAGTGAAATGCCGGGGCTTAACCCCGGAACTGCTTTCAAAACTGCTGGTCTTGAGTGATGGAGAGGCAGGCGGAATTCCGTGTGTAGCGGTGAAATGCGTAGATATACGGAGGAACACCAGTGGCGAAGGCGGCCTGCTGGACATTAACTGACGCTGAGGAGCGAAAGCGTGGGGAGCAAACAGG,Bacteria,Firmicutes,Clostridia,Oscillospirales,Butyricicoccaceae,Butyricicoccus,,Bacteria*Firmicutes*Clostridia*Oscillospirales*Butyricicoccaceae*Butyricicoccus*_,1256.3819917418045,-2.8897154008775816e-06,4.549242526204104e-05,-0.06352080339160913,0.9494911162568171,0.9930777837826986,0,91,False
TACGTAGGGAGCAAGCGTTATCCGGATTTACTGGGTGTAAAGGGCGCGCAGGCGGGCCGGCAAGTTGGAAGTGAAATCCGGGGGCTTAACCCCCGAACTGCTTTCAAAACTGCTGGTCTTGAGTGATGGAGAGGCAGGCGGAATTCCGTGTGTAGCGGTGAAATGCGTAGATATACGGAGGAACACCAGTGGCGAAGGCGGCCTGCTGGACATTAACTGACGCTGAGGCGCGAAAGCGTGGGGAGCAAACAGG,Bacteria,Firmicutes,Clostridia,Oscillospirales,Butyricicoccaceae,Butyricicoccus,,Bacteria*Firmicutes*Clostridia*Oscillospirales*Butyricicoccaceae*Butyricicoccus*_,1258.661125238105,-0.0009731716853097672,0.0008890416032544028,-1.094630084517305,0.27656760122597385,0.8853818901235723,0,91,False
TACGTAGGGAGCAAGCGTTATCCGGATTTACTGGGTGTAAAGGGCGCGCAGGCGGGCCGGCAAGTTGGAAGTGAAATCTATGGGCTTAACCCATAAACTGCTTTCAAAACTGCTGGTCTTGAGTGATGGAGAGGCAGGCGGAATTCCGTGTGTAGCGGTGAAATGCGTAGATATACGGAGGAACACCAGTGGCGAAGGCGGCCTGCTGGACATTAACTGACGCTGAGGCGCGAAAGCGTGGGGAGCAAACAGG,Bacteria,Firmicutes,Clostridia,Oscillospirales,Butyricicoccaceae,Butyricicoccus,faecihominis,Bacteria*Firmicutes*Clostridia*Oscillospirales*Butyricicoccaceae*Butyricicoccus*faecihominis,1259.3637459694687,-0.0015360848864438119,0.0010794441086980275,-1.4230332761707896,0.15814579252339245,0.8826670779283483,0,91,False
TACGTAGGGAGCAAGCGTTATCCGGATTTACTGGGTGTAAAGGGCGCGCAGGCGGGCCGGCAAGTTGGAAGTGAAATCTATGGGCTTAACCCATAAACTGCTTTCAAAACTGTTGGTCTTGAGTGATGGAGAGGCAGGCGGAATTCCGTGTGTAGCGGTGAAATGCGTAGATATACGGAGGAACACCAGTGGCGAAGGCGGCCTGCTGGACATTAACTGACGCTGAGGCGCGAAAGCGTGGGGAGCAAACAGG,Bacteria,Firmicutes,Clostridia,Oscillospirales,Butyricicoccaceae,Butyricicoccus,,Bacteria*Firmicutes*Clostridia*Oscillospirales*Butyricicoccaceae*Butyricicoccus*_,1256.5283450709535,-0.00017093647721811702,0.00013030434691061607,-1.3118248260387897,0.19287905909228378,0.8826670779283483,0,91,False
TACGTAGGGAGCAAGCGTTATCCGGATTTACTGGGTGTAAAGGGCGCGCAGGCGGGCCGGCAAGTTGGGAGTGAAATCCCGGGGCTTAACCCCGGAACTGCTTTCAAAACTGCTGGTCTTGAGTGATGGAGAGGCAGGCGGAATTCCGTGTGTAGCGGTGAAATGCGTAGATATACGGAGGAACACCAGTGGCGAAGGCGGCCTGCTGGACATTAACTGACGCTGAGGCGCGAAAGCGTGGGGAGCAAACAGG,Bacteria,Firmicutes,Clostridia,Oscillospirales,Butyricicoccaceae,Butyricicoccus,,Bacteria*Firmicutes*Clostridia*Oscillospirales*Butyricicoccaceae*Butyricicoccus*_,1256.5140081307509,-9.623756447397473e-05,0.00010969120689438662,-0.8773498550948994,0.3826070428232503,0.9406996616723681,0,91,False
TACGTAGGGAGCAAGCGTTATCCGGATTTACTGGGTGTAAAGGGCGCGCAGGCGGGCCGGCAAGTTGGGAGTGAAATCCGGGGGCTTAACCCCCGAACTGCTTTCAAAACTGCTGGTCTTGAGTGATGGAGAGGCAGGCGGAATTCCGTGTGTAGCGGTGAAATGCGTAGATATACGGAGGAACACCAGTGGCGAAGGCGGCCTGCTGGACATTAACTGACGCTGAGGCGCGAAAGCGTGGGGAGCAAACAGG,Bacteria,Firmicutes,Clostridia,Oscillospirales,Butyricicoccaceae,Butyricicoccus,,Bacteria*Firmicutes*Clostridia*Oscillospirales*Butyricicoccaceae*Butyricicoccus*_,1256.3819917418045,-2.8897154008775816e-06,4.549242526204104e-05,-0.06352080339160913,0.9494911162568171,0.9930777837826986,0,91,False
TACGTAGGGAGCAAGCGTTATCCGGATTTACTGGGTGTAAAGGGCGCGCAGGCGGGCCGGTAAGTTGGAAGTGAAATCTATGGGCTTAACCCATAAACTGCTTTCAAAACTGCTGGTCTTGAGTGATGGAGAGGCAGGCGGAATTCCGTGTGTAGCGGTGAAATGCGTAGATATACGGAGGAACACCAGTGGCGAAGGCGGCCTGCTGGACATTAACTGACGCTGAGGCGCGAAAGCGTGGGGAGCAAACAGG,Bacteria,Firmicutes,Clostridia,Oscillospirales,Butyricicoccaceae,Butyricicoccus,,Bacteria*Firmicutes*Clostridia*Oscillospirales*Butyricicoccaceae*Butyricicoccus*_,1260.878180096383,-0.002378367933104203,0.0013143042647684015,-1.8096022335614228,0.07365892618630158,0.8826670779283483,0,91,False
TACGTAGGGAGCAAGCGTTATCCGGATTTACTGGGTGTAAAGGGCGCGTAGGCGGGATGGCAAGTCAGATGTGAAATCTCAGGGCTCAACCCTGAAACTGCATTTGAAACTGTCGTTCTTGAGTACTGGAGAGGTTGACGGAATTCCTAGTGTAGCGGTGAAATGCGTAGATATTAGGAGGAACACCAGTGGCGAAGGCGGTCAACTGGACAGCAACTGACGCTGAGGCGCGAAAGCGTGGGGAGCAAACAGG,Bacteria,Firmicutes,Clostridia,Oscillospirales,Oscillospiraceae,NK4A214_group,,Bacteria*Firmicutes*Clostridia*Oscillospirales*Oscillospiraceae*NK4A214_group*_,1256.3819917418045,3.0604978495700095e-05,6.341342428625812e-05,0.4826261763998808,0.6305201626617218,0.9627557868334752,0,91,False
TACGTAGGGAGCAAGCGTTATCCGGATTTACTGGGTGTAAAGGGCGTGTAGGCGGGACAGCAAGTCAGATGTGAAAACTATGGGCTCAACCCATAGCCTGCATTTGAAACTGTTGTTCTTGAGTGCTGGAGAGGCAAATGGAACTCCTAGTGTAGCGGTGAAATGCGTAGATATTAGGAAGAACACCAGTGGCGAAGGCGATTTGCTGGACAGTAACTGACGCTGATGCGCGAAAGTGTGGGGAGCAAACAGG,Bacteria,Firmicutes,Clostridia,Oscillospirales,Oscillospiraceae,Colidextribacter,,Bacteria*Firmicutes*Clostridia*Oscillospirales*Oscillospiraceae*Colidextribacter*_,1256.5269871136081,4.271020152426928e-06,0.00017360809108913025,0.024601504029176782,0.9804266870569065,0.9999331984954238,0,91,False
TACGTAGGGAGCAAGCGTTATCCGGATTTACTGGGTGTAAAGGGCGTGTAGGCGGGACTGCAAGTCAGATGTGAAAACTATGGGCTCAACTCATAGCCTGCATTTGAAACTGTAGTTCTTGAGTGCTGGAGAGGCAAATGGAACTCCTAGTGTAGCGGTGAAATGCGTAGATATTAGGAAGAACACCAGTGGCGAAGGCGATTTGCTGGACAGTAACTGACGCTGAGGCGCGAAAGTGTGGGGAGCAAACAGG,Bacteria,Firmicutes,Clostridia,Oscillospirales,Oscillospiraceae,Colidextribacter,,Bacteria*Firmicutes*Clostridia*Oscillospirales*Oscillospiraceae*Colidextribacter*_,1257.6923661796477,-0.0009445546131246476,0.0003623636455505116,-2.6066483896022667,0.010683475681632817,0.75962931211253,0,91,False
TACGTAGGGAGCAAGCGTTATCCGGATTTACTGGGTGTAAAGGGCGTGTAGGCGGGACTGCAAGTCAGATGTGAAAACTATGGGCTTAACCCATAGCCTGCATTTGAAACTGTAGTTCTTGAGTGGTGGAGAGGCAAATGGAATTCCTAGTGTAGCGGTGAAATGCGTAGATATTAGGAAGAACACCAGTGGCGAAGGCGATTTGCTGGACACTAACTGACGCTGAGGCGCGAAAGCGTGGGGAGCAAACAGG,Bacteria,Firmicutes,Clostridia,Oscillospirales,Oscillospiraceae,Colidextribacter,massiliensis,Bacteria*Firmicutes*Clostridia*Oscillospirales*Oscillospiraceae*Colidextribacter*massiliensis,1256.5483984729096,2.1965749540558835e-05,0.0001577928239259039,0.1392062642270315,0.8895947766127988,0.9930777837826986,0,91,False
TACGTAGGGAGCAAGCGTTATCCGGATTTACTGGGTGTAAAGGGCGTGTAGGCGGGACTGCAAGTCAGATGTGAAAACTCGGGGCTCAACCCCGAGCCTGCATTTGAAACTGTAGTTCTTGAGTGGTGGAGAGGCAAATGGAATTCCTAGTGTAGCGGTGAAATGCGTAGATATTAGGAAGAACACCAGTGGCGAAGGCGATTTGCTGGACACTAACTGACGCTGAGGCGCGAAAGCGTGGGGAGCAAACAGG,Bacteria,Firmicutes,Clostridia,Oscillospirales,Oscillospiraceae,Colidextribacter,,Bacteria*Firmicutes*Clostridia*Oscillospirales*Oscillospiraceae*Colidextribacter*_,1256.4242464506422,-3.866813105327525e-05,5.254096463716154e-05,-0.7359615743698353,0.4636469303861115,0.9539541331513363,0,91,False
TACGTAGGGAGCAAGCGTTATCCGGATTTACTGGGTGTAAAGGGCGTGTAGGCGGGAGTGCAAGTCAGATGTGAAAACTATGGGCTCAACCCATAGCCTGCATTTGAAACTGTACTTCTTGAGTACTGGAGAGGCAGGCGGAATTCCGTGTGTAGCGGTGAAATGCGTAGATATACGGAGGAACACCAGTGGCGAAGGCGGCCTGCTGGACAGCAACTGACGCTGAGGCGCGAAAGCGTGGGGAGCAAACAGG,Bacteria,Firmicutes,Clostridia,Oscillospirales,Oscillospiraceae,,,Bacteria*Firmicutes*Clostridia*Oscillospirales*Oscillospiraceae*_*_,1257.0203969906954,-0.0006208303543001554,0.00025482659847967645,-2.4362855290778027,0.016786090769602368,0.75962931211253,0,91,False
TACGTAGGGAGCAAGCGTTATCCGGATTTACTGGGTGTAAAGGGCGTGTAGGCGGGCTTGCAAGTTGGAAGTGAAATCCAGGGGCTTAACCCCTGAACTGCTTTCAAAACTGCGAGTCTTGAGTGATGGAGAGGCAGGCGGAATTCCCAGTGTAGCGGTGAAATGCGTAGATATTGGGAGGAACACCAGTGGCGAAGGCGGCCTGCTGGACATTAACTGACGCTGAGGCGCGAAAGCGTGGGGAGCAAACAGG,Bacteria,Firmicutes,Clostridia,Oscillospirales,Butyricicoccaceae,Butyricicoccus,,Bacteria*Firmicutes*Clostridia*Oscillospirales*Butyricicoccaceae*Butyricicoccus*_,1256.3819917418045,0.00012021244615544657,0.00017264139914395095,0.6963129744749789,0.4880075904630996,0.9539541331513363,0,91,False
TACGTAGGGAGCAAGCGTTATCCGGATTTACTGGGTGTAAAGGGCGTGTAGGCGGGCTTGCAAGTTGGAAGTGAAATCTCGGGGCTTAACCCCGAAACTGCTTTCAAAACTGCGAGTCTTGAGTGATGGAGAGGCAGGCGGAATTCCCAGTGTAGCGGTGAAATGCGTAGATATTGGGAGGAACACCAGTGGCGAAGGCGGCCTGCTGGACATTAACTGACGCTGAGGCGCGAAAGCGTGGGGAGCAAACAGG,Bacteria,Firmicutes,Clostridia,Oscillospirales,Butyricicoccaceae,Butyricicoccus,pullicaecorum,Bacteria*Firmicutes*Clostridia*Oscillospirales*Butyricicoccaceae*Butyricicoccus*pullicaecorum,1256.3819917418045,-2.8897154008775816e-06,4.549242526204104e-05,-0.06352080339160913,0.9494911162568171,0.9930777837826986,0,91,False
TACGTAGGGAGCAAGCGTTATCCGGATTTATTGGGCGTAAAGCGCGCGTAGGCGGCTTGTTAAGCAAGATCTTAAACCTGGGGGCTCAACCTTCAGTTGGATTTTGAACTGGCAGGCTCGAGTTTGGTAGAGGAAAGTGGAATTCCCAGTGTAGCGGTGAAATGCGCAGATATTGGGAAGAACACCGATGGCGAAGGCAGCTTTCTGGGCCATAACTGACGCTGAGGTGCGAAAGCTAGGGGAGCAAACAGG,Bacteria,Actinobacteriota,Coriobacteriia,Coriobacteriales,Coriobacteriales_Incertae_Sedis,,,Bacteria*Actinobacteriota*Coriobacteriia*Coriobacteriales*Coriobacteriales_Incertae_Sedis*_*_,1256.3819917418045,5.1417399820580424e-05,8.451503872158074e-05,0.6083816631731732,0.5444499400102699,0.9539541331513363,0,91,False
TACGTAGGGAGCAAGCGTTATCCGGATTTATTGGGCGTAAAGGGTGCGTAGGCGGCTTGTTAAGTATGAGATTAAAGCCCGAGGCTTAACCTCGGTTCGTTTCATAAACTGGCAGGCTTGAGTGTGGCAGAGGTAAACGGAATTTCTAGTGTAGCGGTTAAATGCGTAGATATTAGAAGGAACACCAGTGGCGAAGGCGGTTTACTGGGCCATAACTGACGCTGAGGCACGAAAGCGTGGGGAGCAAATAGG,Bacteria,Firmicutes,Bacilli,RF39,,,,Bacteria*Firmicutes*Bacilli*RF39*_*_*_,1256.3819917418045,0.0002884435740365524,0.0004022284131722559,0.7171138701060019,0.4751405011773947,0.9539541331513363,0,91,False
TACGTAGGGAGCAAGCGTTATCCGGATTTATTGGGCGTAAAGGGTGCGTAGGCGGTTTGTTAAGTATGAGATTAAAGCCCGAGGCTTAACCTCGGTTCGTTTCATAAACTGGCAGGCTTGAGTGTGGCAGAGGTAAACGGAATTTCTAGTGTAGCGGTTAAATGCGTAGATATTAGAAGGAACACCAGTGGCGAAGGCGGTTTACTGGGCCATAACTGACGCTGAGGCACGAAAGCGTGGGGAGCAAATAGG,Bacteria,Firmicutes,Bacilli,RF39,,,,Bacteria*Firmicutes*Bacilli*RF39*_*_*_,1256.3819917418045,2.3748375897301896e-05,5.587496053158194e-05,0.42502716192307133,0.6718202141528153,0.9734037409440426,0,91,False
TACGTAGGGAGCAAGCGTTATCCGGATTTATTGGGTGTAAAGGGTGCGTAGACGGGAAATTAAGTTAGTTGTGAAAGCCCTCGGCTTAACTGAGGAACTGCAACTAAAACTGGTTTTCTTGAGTGCAGGAGAGGTAAGTGGAATTCCTAGTGTAGCGGTGAAATGCGTAGATATTAGGAGGAACACCAGTGGCGAAGGCGACTTACTGGACTGTAACTGACGTTGAGGCACGAAAGTGTGGGGAGCAAACAGG,Bacteria,Firmicutes,Clostridia,Clostridia_UCG-014,,,,Bacteria*Firmicutes*Clostridia*Clostridia_UCG-014*_*_*_,1256.4139041672506,-3.9534074786463675e-05,5.1372901729718755e-05,-0.7695511340678965,0.4435591716755848,0.9539541331513363,0,91,False
TACGTAGGGAGCAAGCGTTATCCGGATTTATTGGGTGTAAAGGGTGCGTAGACGGGAAATTAAGTTAGTTGTGAAATCCCTCGGCTTAACTGAGAAACTGCAACTAAAACTGGTTTTCTTGAGTGCTGGAGAGGAAAGTGGAATTCCTAGTGTAGCGGTGAAATGCGTAGATATTAGGAGGAACACCAGTGGCGAAGGCGACTTTCTGGACAGTAACTGACGTTGAGGCACGAAAGTGTGGGGAGCAAACAGG,Bacteria,Firmicutes,Clostridia,Clostridia_UCG-014,,,,Bacteria*Firmicutes*Clostridia*Clostridia_UCG-014*_*_*_,1256.3819917418045,-2.8897154008775816e-06,4.549242526204104e-05,-0.06352080339160913,0.9494911162568171,0.9930777837826986,0,91,False
TACGTAGGGAGCAAGCGTTATCCGGATTTATTGGGTGTAAAGGGTGCGTAGACGGGAAATTAAGTTAGTTGTGAAATCCCTCGGCTTAACTGAGGAACTGCAACTAAAACTGATTTTCTTGAGTGCTGGAGAGGAAAGTGGAATTCCTAGTGTAGCGGTGAAATGCGTAGATATTAGGAGGAACACCAGTGGCGAAGGCGACTTTCTGGACAGTAACTGACGTTGAGGCACGAAAGTGTGGGGAGCAAACAGG,Bacteria,Firmicutes,Clostridia,Clostridia_UCG-014,,,,Bacteria*Firmicutes*Clostridia*Clostridia_UCG-014*_*_*_,1259.6262028271403,-0.002351787110179291,0.0018570846686020103,-1.266386584274419,0.20860677578685374,0.8826670779283483,0,91,False
TACGTAGGGAGCAAGCGTTATCCGGATTTATTGGGTGTAAAGGGTGCGTAGACGGGAAATTAAGTTAGTTGTGAAATCCCTCGGCTTAACTGAGGAACTGCAACTAAAACTGGTTTTCTTGAGTGTTGGAGAGGAAAGTGGAATTCCTAGTGTAGCGGTGAAATGCGTAGATATTAGGAGGAACACCAGTGGCGAAGGCGACTTTCTGGACAATAACTGACGTTGAGGCACGAAAGTGTGGGGAGCAAACAGG,Bacteria,Firmicutes,Clostridia,Clostridia_UCG-014,,,,Bacteria*Firmicutes*Clostridia*Clostridia_UCG-014*_*_*_,1256.4656997906006,-7.749623332467777e-05,9.078608044276994e-05,-0.8536136040538739,0.3955605206242895,0.9431683284555131,0,91,False
TACGTAGGGAGCAAGCGTTATCCGGATTTATTGGGTGTAAAGGGTGCGTAGACGGGAATGCAAGTTGGTTGTGAAATCCCTCGGCTCAACCGAGGAATTGCAACCAAAACTATATTTCTTGAGTGCTGGAGAGGAAAGTGGAATTCCTAGTGTAGCGGTGAAATGCGTAGATATTAGGAGGAACACCAGTGGCGAAGGCGACTTTCTGGACAGTAACTGACGTTGAGGCACGAAAGTGTGGGGAGCAAACAGG,Bacteria,Firmicutes,Clostridia,Clostridia_UCG-014,,,,Bacteria*Firmicutes*Clostridia*Clostridia_UCG-014*_*_*_,1256.4993477509736,6.71139009890518e-05,0.0003004917319842055,0.22334691389305664,0.8237661287096292,0.9930777837826986,0,91,False
TACGTAGGGAGCAAGCGTTATCCGGATTTATTGGGTGTAAAGGGTGCGTAGACGGGACAACAAGTTAGTTGTGAAATCCCTCGGCTTAACTGAGGAACTGCAACTAAAACTATTGTTCTTGAGTGTTGGAGAGGAAAGTGGAATTCCTAGTGTAGCGGTGAAATGCGTAGATATTAGGAGGAACACCGGTGGCGAAGGCGACTTTCTGGACAATAACTGACGTTGAGGCACGAAAGTGTGGGGAGCAAACAGG,Bacteria,Firmicutes,Clostridia,Clostridia_UCG-014,,,,Bacteria*Firmicutes*Clostridia*Clostridia_UCG-014*_*_*_,1261.2073231063735,-5.858119278067145e-05,0.0031123079999003465,-0.018822427851789468,0.9850239705701254,0.9999331984954238,0,91,False
TACGTAGGGAGCAAGCGTTATCCGGATTTATTGGGTGTAAAGGGTGCGTAGACGGGTTAGCAAGTTAGTTGTGAAAGCCCTCGGCTTAACTGAGGAACTGCAACTAAAACTGTTAATCTTGAGTGTTGGAGAGGAAAGTGGAATTCCTAGTGTAGCGGTGAAATGCGTAGATATTAGGAGGAACACCGGTGGCGAAGGCGACTTTCTGGACAATAACTGACGTTGAGGCACGAAAGTGTGGGGAGCAAACAGG,Bacteria,Firmicutes,Clostridia,Clostridia_UCG-014,,,,Bacteria*Firmicutes*Clostridia*Clostridia_UCG-014*_*_*_,1256.3819917418045,4.571484413291803e-05,7.792472475979872e-05,0.5866539057254684,0.5588887133137492,0.9539541331513363,0,91,False
TACGTAGGGAGCAAGCGTTATCCGGATTTATTGGGTGTAAAGGGTGCGTAGACGGTAATGCAAGTTAGTTGTGAAATCCCTCGGCTTAACTGAGGAACTGCAACTAAAACTACATTTCTTGAGTATTGGAGGGGAAAGTGGAATTCCTAGTGTAGCGGTGAAATGCGTAGATATTAGGAGGAACACCGGTGGCGAAGGCGACTTTCTGGACAATTACTGACGTTGAGGCACGAAAGTGTGGGGAGCAAACAGG,Bacteria,Firmicutes,Clostridia,Clostridia_UCG-014,,,,Bacteria*Firmicutes*Clostridia*Clostridia_UCG-014*_*_*_,1256.4929077850188,0.00034786264151179773,0.0004290393254415605,0.8107943045868418,0.4195992583334195,0.9539541331513363,0,91,False
TACGTAGGGAGCAAGCGTTATCCGGATTTATTGGGTGTAAAGGGTGCGTAGGCGGTTTATTAGGTCTATGGTTTAATTCCGAAGCTTAACTTCGGTTCGCCATAGAAACCGATTTACTTGAGTATGGTAGAGGCAAGTGGAATTTCTAGTGTAGCGGTAAAATGCGTAGATATTAGAAGGAACACCAGTGGCGAAGGCGACTTGCTGGGCCATCACTGACGCTGAGGCACGAAAGCGTGGGGAGCAAATAGG,Bacteria,Firmicutes,Bacilli,RF39,,,,Bacteria*Firmicutes*Bacilli*RF39*_*_*_,1256.8098707239988,0.0007483139368112794,0.0012662780136871575,0.5909554842797384,0.5560152281963091,0.9539541331513363,0,91,False
TACGTAGGGAGCAAGCGTTGTCCGGAATTACTGGGCGTAAAGGGTGCGTAGGCGGCGCAGTTAGTCAGAAGTGAAATATCGGGGCTTAACCCCGGGGCTGCTTCTGATACTGCTGTGCTCGAGTGCAGGAGAGGTAAGTGGAATTCCTAGTGTAGCGGTGAAATGCGTAGATATTAGGAGGAACACCAGTGGCGAAGGCGACTTACTGGACTGTAACTGACGCTGAGGCACGAAAGCGTGGGTAGCAAACAGG,Bacteria,Firmicutes,Clostridia,Christensenellales,Christensenellaceae,,,Bacteria*Firmicutes*Clostridia*Christensenellales*Christensenellaceae*_*_,1256.3819917418045,-2.8897154008775816e-06,4.549242526204104e-05,-0.06352080339160913,0.9494911162568171,0.9930777837826986,0,91,False
TACGTAGGGAGCAAGCGTTGTCCGGAATTACTGGGCGTAAAGGGTGCGTAGGCGGTTGCTTAAGTCAGATGTGAAATACTCGGGCTCAACTCGGGGGCTGCATCTGATACTGGGTAACTAGAGTGCAGGAGAGGAAAGTGGAATTCCTAGTGTAGCGGTGGAATGCGTAGATATTAGGAGGAACACCAGTGGCGAAGGCGACTTTCTGGACTGTAACTGACGCTGAGGCACGAAAGTATGGGTAGCAAACAGG,Bacteria,Firmicutes,Clostridia,Christensenellales,Christensenellaceae,,,Bacteria*Firmicutes*Clostridia*Christensenellales*Christensenellaceae*_*_,1256.44480308046,7.37923045407642e-06,6.31638467094338e-05,0.11682680581539534,0.9072547519769605,0.9930777837826986,0,91,False
TACGTAGGGAGCAAGCGTTGTCCGGAATTACTGGGCGTAAAGGGTGCGTAGGCGGTTGTTTAAGTCAGATGTGAAATACCCGGGCTTAACTCGGGGGCTGCATCTGATACTGGATAACTAGAGTGCAGGAGAGGAAAGTGGAATTCCTAGTGTAGCGGTGGAATGCGTAGATATTAGGAGGAACACCAGTGGCGAAGGCGACTTTCTGGACTGTAACTGACGCTGAGGCACGAAAGTATGGGTAGCAAACAGG,Bacteria,Firmicutes,Clostridia,Christensenellales,Christensenellaceae,,,Bacteria*Firmicutes*Clostridia*Christensenellales*Christensenellaceae*_*_,1256.4172948747187,-3.0112590843102185e-05,5.034912874239802e-05,-0.5980757084629542,0.5512750299301907,0.9539541331513363,0,91,False
TACGTAGGGAGCAAGCGTTGTCCGGAATTACTGGGTGTAAAGGGAGCGTAGGCGGGATGGCAAGTAGAATGTTAAATCCATCGGCTCAACCGGTGGCTGCGTTCTAAACTGCCGTTCTTGAGTGAAGTAGAGGCAGGCGGAATTCCTAGTGTAGCGGTGAAATGCGTAGATATTAGGAGGAACACCAGTGGCGAAGGCGGCCTGCTGGGCTTTAACTGACGCTGAGGCTCGAAAGCGTGGGGAGCAAACAGG,Bacteria,Firmicutes,Clostridia,Oscillospirales,Ruminococcaceae,Anaerotruncus,colihominis,Bacteria*Firmicutes*Clostridia*Oscillospirales*Ruminococcaceae*Anaerotruncus*colihominis,1256.6670397051157,-0.00029177725785333624,0.00012109927489331512,-2.409405490746195,0.017992221065302804,0.75962931211253,0,91,False
TACGTAGGGAGCAAGCGTTGTCCGGAATTACTGGGTGTAAAGGGAGCGTAGGCGGGGATACAAGTTGGATGTTTAATCTACCGGCTCAACTGGTAGCTGCATCCAAAACTGTATTTCTTGAGTGAAGTAGAGGCAGGCGGAATTCCTAGTGTAGCGGTGAAATGCGTAGATATTAGGAGGAACACCAGTGGCGAAGGCGGCCTGCTGGGCTTTAACTGACGCTGAGGCTCGAAAGCGTGGGGAGCAAACAGG,Bacteria,Firmicutes,Clostridia,Oscillospirales,Ruminococcaceae,Anaerotruncus,,Bacteria*Firmicutes*Clostridia*Oscillospirales*Ruminococcaceae*Anaerotruncus*_,1256.4297309470944,-5.7707284193566434e-05,5.9815967245372496e-05,-0.9647471544987982,0.33722829300245305,0.9191142356560728,0,91,False
TACGTAGGGAGCAAGCGTTGTCCGGAATTACTGGGTGTAAAGGGAGCGTAGGCGGGTGCTCAAGTTGAATGTGAAATGCAGAGGCTCAACCTCTGAATTGCGTTCAAAACTGAGTATCTTGAGTGAAGTAGAGGCAGGCGGAATTCCCGGTGTAGCGGTGAAATGCGTAGATATCGGGAGGAACACCAGTGGCGAAGGCGGCCTGCTGGGCTTTTACTGACGCTGATGCTCGAAAGCATGGGTAGCAAACAGG,Bacteria,Firmicutes,Clostridia,Oscillospirales,Ethanoligenenaceae,Acetanaerobacterium,,Bacteria*Firmicutes*Clostridia*Oscillospirales*Ethanoligenenaceae*Acetanaerobacterium*_,1256.3900666171269,-9.276102822727055e-06,4.592802022181576e-05,-0.20197044806039594,0.8403906540911114,0.9930777837826986,0,91,False
TACGTAGGGAGCAAGCGTTGTCCGGAATTACTGGGTGTAAAGGGTGCGTAGGCGGGACTGCAAGTCAGGTGTGAAAACGGTCGGCTCAACCGATCGCCTGCACTTGAAACTGTGGTTCTTGAGTGAAGTAGAGGTAGGCGGAATTCCCGGTGTAGCGGTGAAATGCGTAGAGATCGGGAGGAACACCAGTGGCGAAGGCGGCCTACTGGGCTTTAACTGACGCTGAGGCACGAAAGCATGGGTAGCAAACAGG,Bacteria,Firmicutes,Clostridia,Oscillospirales,Ruminococcaceae,Caproiciproducens,,Bacteria*Firmicutes*Clostridia*Oscillospirales*Ruminococcaceae*Caproiciproducens*_,1256.4355980382627,-3.968573151549657e-05,5.29169590171458e-05,-0.7499624364778381,0.4552119240078659,0.9539541331513363,0,91,False
TACGTAGGGAGCAAGCGTTGTCCGGATTTACTGGGTGTAAAGGGCGTGTAGGCGGGATTGCAAGTCAGATGTGAAATTCCGGGGCTCAACCCCGGAACTGCATTTGAAACTGTAGTTCTTGAGTACTGGAGAGGCAGGCGGAATTCCTAGTGTAGCGGTGAAATGCGTAGATATTAGGAGGAACACCAGTGGCGAAGGCGGCCTGCTGGACAGCAACTGACGCTGAGGCGCGAAAGCGTGGGGAGCAAACAGG,Bacteria,Firmicutes,Clostridia,Oscillospirales,Oscillospiraceae,,,Bacteria*Firmicutes*Clostridia*Oscillospirales*Oscillospiraceae*_*_,1256.3819917418045,2.9064660343311775e-06,4.7114349595292185e-05,0.061689613871303464,0.950945301651088,0.9930777837826986,0,91,False
TACGTAGGGAGCAAGCGTTGTCCGGATTTACTGGGTGTAAAGGGTGCGTAGGCGGAACTGCAAGTCAGTGGTGAAATCTGAGGGCTCAACCCTCAAACTGCCATTGAAACTGTGGTTCTTGAGTGAAGTAGAGGTAGGCGGAATTCCCGGTGTAGCGGTGGAATGCGTAGAGATCGGGAGGAACACCAGTGGCGAAGGCGGCCTACTGGGCTTTAACTGACGCTGAGGCACGAAAGCATGGGTAGCAAACAGG,Bacteria,Firmicutes,Clostridia,Oscillospirales,Ruminococcaceae,,,Bacteria*Firmicutes*Clostridia*Oscillospirales*Ruminococcaceae*_*_,1256.5121951834544,-3.398299539735593e-05,9.756136602276345e-05,-0.34832430892190325,0.7284011740224091,0.9886333883312699,0,91,False
TACGTAGGGAGCAAGCGTTGTCCGGATTTACTGGGTGTAAAGGGTGCGTAGGCGGATCTGCAAGTCAGTAGTGAAATCCCAGGGCTTAACCCTGGAACTGCTATTGAAACTGTGGGTCTTGAGTGAGGTAGAGGCAGGCGGAATTCCCGGTGTAGCGGTGAAATGCGTAGAGATCGGGAGGAACACCAGTGGCGAAGGCGGCCTGCTGGGCCTTAACTGACGCTGAGGCACGAAAGCATGGGTAGCAAACAGG,Bacteria,Firmicutes,Clostridia,Oscillospirales,Ruminococcaceae,DTU089,,Bacteria*Firmicutes*Clostridia*Oscillospirales*Ruminococcaceae*DTU089*_,1256.7781240212037,-0.0003828602671632666,0.00019555980884143178,-1.9577656034308462,0.05332115832005654,0.8826670779283483,0,91,False
TACGTAGGGAGCAAGCGTTGTCCGGATTTACTGGGTGTAAAGGGTGCGTAGGCGGATTGGCAAGTCAGAAGTGAAATCCATGGGCTTAACCCATGAACTGCTTTTGAAACTGTTAGTCTTGAGTGAAGTAGAGGTAGGCGGAATTCCCGGTGTAGCGGTGAAATGCGTAGAGATCGGGAGGAACACCAGTGGCGAAGGCGGCCTACTGGGCTTTAACTGACGCTGAGGCACGAAAGTGTGGGTAGCAAACAGG,Bacteria,Firmicutes,Clostridia,Oscillospirales,Ruminococcaceae,Incertae_Sedis,,Bacteria*Firmicutes*Clostridia*Oscillospirales*Ruminococcaceae*Incertae_Sedis*_,1260.9347237924467,-0.003393693078825751,0.001021008161319099,-3.323864791091625,0.0012803750709397149,0.20332356126522674,0,91,False
TACGTAGGGAGCAAGCGTTGTCCGGATTTACTGGGTGTAAAGGGTGCGTAGGCGGCTAGGCAAGTCAGACGTGAAAACCATGGGCTCAACCTGTGGACTGCGTTTGAAACTGTTTAGCTTGAGTGAAGTAGAGGTAGGCGGAATTCCCGGTGTAGCGGTGAAATGCGTAGAGATCGGGAGGAACACCAGTGGCGAAGGCGGCCTACTGGGCTTTAACTGACGCTGAGGCACGAAAGCATGGGTAGCAAACAGG,Bacteria,Firmicutes,Clostridia,Oscillospirales,Ruminococcaceae,Incertae_Sedis,,Bacteria*Firmicutes*Clostridia*Oscillospirales*Ruminococcaceae*Incertae_Sedis*_,1257.1174598309367,0.0004167378747092502,0.0003110997745925448,1.339563409375858,0.183723222620767,0.8826670779283483,0,91,False
TACGTAGGGAGCAAGCGTTGTCCGGATTTACTGGGTGTAAAGGGTGCGTAGGCGGCTCGGCAAGTCAGAGGTGAAATCCATGGGCTTAACCCATGAACTGCCTTTGAAACTGCCGAACTTGAGTGAAGTAGAGGTAGGCGGAATTCCCGGTGTAGCGGTGAAATGCGTAGAGATCGGGAGGAACACCAGTGGCGAAGGCGGCCTACTGGGCTTTAACTGACGCTGAGGCACGAAAGCATGGGTAGCAAACAGG,Bacteria,Firmicutes,Clostridia,Oscillospirales,Ruminococcaceae,Incertae_Sedis,,Bacteria*Firmicutes*Clostridia*Oscillospirales*Ruminococcaceae*Incertae_Sedis*_,1256.3819917418045,2.1107483293685426e-05,5.461693788133248e-05,0.38646405515347926,0.7000551889304204,0.9865618584646082,0,91,False
TACGTAGGGAGCAAGCGTTGTCCGGATTTACTGGGTGTAAAGGGTGCGTAGGCGGCTTTGCAAGTCAGATGTGAAATCTATGGGCTCAACCCATAAACTGCATTTGAAACTGTAGAGCTTGAGTGAAGTAGAGGCAGGCGGAATTCCCCGTGTAGCGGTGAAATGCGTAGAGATGGGGAGGAACACCAGTGGCGAAGGCGGCCTGCTGGGCTTTAACTGACGCTGAGGCACGAAAGCGTGGGTAGCAAACAGG,Bacteria,Firmicutes,Clostridia,Oscillospirales,Ruminococcaceae,Ruminococcus,bromii,Bacteria*Firmicutes*Clostridia*Oscillospirales*Ruminococcaceae*Ruminococcus*bromii,1305.597412323867,-0.007541612603546856,0.01342802636403491,-0.5616322458038964,0.5757472248592599,0.9539541331513363,0,91,False
TACGTAGGGAGCAAGCGTTGTCCGGATTTACTGGGTGTAAAGGGTGCGTAGGCGGCTTTGCAAGTCAGATGTGAAATCTATGGGCTCAACCCATAGCCTGCATTTGAAACTGCAGAGCTTGAGTGAAGTAGAGGCAGGCGGAATTCCCCGTGTAGCGGTGAAATGCGTAGAGATGGGGAGGAACACCAGTGGCGAAGGCGGCCTGCTGGGCTTTAACTGACGCTGAGGCACGAAAGCGTGGGTAGCAAACAGG,Bacteria,Firmicutes,Clostridia,Oscillospirales,Ruminococcaceae,Ruminococcus,,Bacteria*Firmicutes*Clostridia*Oscillospirales*Ruminococcaceae*Ruminococcus*_,1281.4119411666463,-0.01772073367255795,0.012210797301973275,-1.4512347747918364,0.15015317443288653,0.8826670779283483,0,91,False
TACGTAGGGAGCAAGCGTTGTCCGGATTTACTGGGTGTAAAGGGTGCGTAGGCGGTTCGGCAAGTCAGAAGTGAAATCCATGGGCTTAACCCATGAACTGCTTTTGAAACTGTCGAACTTGAGTGAAGTAGAGGTAGGCGGAATTCCCGGTGTAGCGGTGAAATGCGTAGAGATCGGGAGGAACACCAGTGGCGAAGGCGGCCTACTGGGCTTTAACTGACGCTGAGGCACGAAAGCATGGGTAGCAAACAGG,Bacteria,Firmicutes,Clostridia,Oscillospirales,Ruminococcaceae,Incertae_Sedis,,Bacteria*Firmicutes*Clostridia*Oscillospirales*Ruminococcaceae*Incertae_Sedis*_,1256.3819917418045,-2.8897154008775816e-06,4.549242526204104e-05,-0.06352080339160913,0.9494911162568171,0.9930777837826986,0,91,False
TACGTAGGGAGCAAGCGTTGTCCGGATTTACTGGGTGTAAAGGGTGCGTAGGCGGTTTGGTAAGTCAGAAGTGAAATCCATGGGCTTAACCCATGAACTGCTTTTGAAACTATCGAACTTGAGTGAAGTAGAGGTAGGCGGAATTCCCGGTGTAGCGGTGAAATGCGTAGAGATCGGGAGGAACACCAGTGGCGAAGGCGGCCTACTGGGCTTTAACTGACGCTGAGGCACGAAAGCATGGGTAGCAAACAGG,Bacteria,Firmicutes,Clostridia,Oscillospirales,Ruminococcaceae,Incertae_Sedis,,Bacteria*Firmicutes*Clostridia*Oscillospirales*Ruminococcaceae*Incertae_Sedis*_,1257.0693142127805,0.000749294859409038,0.0009638761977249252,0.7773766601744374,0.43895284432948656,0.9539541331513363,0,91,False
TACGTAGGGAGCGAGCGTTATCCGGAATTATTGGGTGTAAAGGGTGCGTAGACGGGAAGATAAGTTAGTTGTGAAATCCCTCGGCTTAACTGAGGAACTGCAACTAAAACTGTTTTTCTTGAGTGCAGGAGAGGTAAGTGGAATTCCTAGTGTAGCGGTGAAATGCGTAGATATTAGGAGGAACACCAGTGGCGAAGGCGACTTACTGGACTGTAACTGACGTTGAGGCACGAAAGTGTGGGGAGCAAACAGG,Bacteria,Firmicutes,Clostridia,Clostridia_UCG-014,,,,Bacteria*Firmicutes*Clostridia*Clostridia_UCG-014*_*_*_,1263.9206714679215,-0.006481755017099213,0.0059383729056752405,-1.0915035347316548,0.27793288162354046,0.8853818901235723,0,91,False
TACGTAGGGAGCGAGCGTTATCCGGAATTATTGGGTGTAAAGGGTGCGTAGACGGGAGAACAAGTTAGTTGTGAAATACCTCGGCTCAACTGAGGAACTGCAACTAAAACTGTACTTCTTGAGTGCAGGAGAGGTAAGTGGAATTCCTAGTGTAGCGGTGAAATGCGTAGATATTAGGAGGAACACCAGTGGCGAAGGCGACTTACTGGACTGTAACTGACGTTGAGGCACGAAAGTGTGGGGAGCAAACAGG,Bacteria,Firmicutes,Clostridia,Clostridia_UCG-014,,,,Bacteria*Firmicutes*Clostridia*Clostridia_UCG-014*_*_*_,1260.1277662546747,-0.0027071587423751673,0.001506683511007022,-1.7967666882912814,0.07569042644786839,0.8826670779283483,0,91,False
TACGTAGGGAGCGAGCGTTATCCGGATTCATTGGGCGTAAAGAGCGCGTAGGCGGCCTCTCAAGCGGGATCTCTAATCCGAGGGCTCAACCCCCGGCCGGATCCCGAACTGGGAGGCTCGAGTTCGGTAGAGGCAGGCGGAATTCCCGGTGTAGCGGTGGAATGCGCAGATATCGGGAAGAACACCGATGGCGAAGGCAGCCTGCTGGGCCGCAACTGACGCTGAGGCGCGAAAGCTAGGGGAGCGAACAGG,Bacteria,Actinobacteriota,Coriobacteriia,Coriobacteriales,Eggerthellaceae,Eggerthella,lenta,Bacteria*Actinobacteriota*Coriobacteriia*Coriobacteriales*Eggerthellaceae*Eggerthella*lenta,1256.393937015825,1.539233258561056e-05,5.764727193119564e-05,0.26700886390568374,0.7900664993035967,0.9930777837826986,0,91,False
TACGTAGGGAGCGAGCGTTATCCGGATTCATTGGGCGTAAAGCGCGCGTAGGCGGCCCGTCAAGCGGGGTTTCAAATCCAGGGGCTCAACCTCTGGCCGGACCCCGAACTGGCGGGCTCGAGTGCGGTAGAGGAAGGTGGAATTCCCAGTGTAGCGGTGAAATGCGCAGATATTGGGAAGAACACCGATGGCGAAGGCAGCCTTCTGGGCCGCCACTGACGCTGAGGCGCGAAAGCTAGGGGAGCGAACAGG,Bacteria,Actinobacteriota,Coriobacteriia,Coriobacteriales,Eggerthellaceae,,,Bacteria*Actinobacteriota*Coriobacteriia*Coriobacteriales*Eggerthellaceae*_*_,1256.938358432773,-0.0001180677828894907,0.0003068696488976682,-0.38474897505703715,0.7013211344453563,0.9865618584646082,0,91,False
TACGTAGGGAGCGAGCGTTATCCGGATTTACTGGGTGTAAAGGGCGTGTAGGCGGGGAAGCAAGTCAGATGTGAAAACCAGTGGCTCAACCACTGGCCTGCATTTGAAACTGTTTTTCTTGAGTGATGGAGAGGCAGGCGGAATTCCGTGTGTAGCGGTGAAATGCGTAGATATACGGAGGAACACCAGTGGCGAAGGCGGCCTGCTGGACATTAACTGACGCTGAGGCGCGAAAGCGTGGGGAGCAAACAGG,Bacteria,Firmicutes,Clostridia,Oscillospirales,Oscillospiraceae,,,Bacteria*Firmicutes*Clostridia*Oscillospirales*Oscillospiraceae*_*_,1257.122059292187,-0.0007585464251368408,0.00020348808020388633,-3.7277192078121226,0.0003353423068642936,0.20332356126522674,0,91,False
TACGTAGGGAGCGAGCGTTATCCGGATTTATTGGGCGTAAAGCGCGCGTAGGCGGGCTATTAAGTCAGGTGTTAAAGCCCGGGGCTCAACCCCGGCCCGCACCTGAAACTGGTAGTCTTGAGTCTGGTAGGGGAAAGTGGAATTCCCAGTGTAGCGGTGAAATGCGCAGATATTGGGAAGAACACCAGTGGCGAAGGCGGCTTTCTAGGCCACGACTGACGCTGAGGCGCGAAAGCTAGGGGAGCAAACAGG,Bacteria,Actinobacteriota,Coriobacteriia,Coriobacteriales,,,,Bacteria*Actinobacteriota*Coriobacteriia*Coriobacteriales*_*_*_,1256.3819917418045,3.308412673968587e-05,5.220321821668174e-05,0.6337564592734957,0.5278295397876387,0.9539541331513363,0,91,False
TACGTAGGGAGCGAGCGTTATCCGGATTTATTGGGTGTAAAGCGTGTGTAGGCGGTTTATTAAGTCTGAGGTTTAATCCCGGAGCTTAACTCCGGTTCGCCTCAGAAACTGATTTACTTGAGTATGGTAGAGGCAAGTGGAATTTCTAGTGTAGCGGTAAAATGCGTAGATATTAGAAGGAACACCAGTGGCGAAGGCGACTTGCTGGGCCATCACTGACGCTGAGACACGAAAGCGTGGGGAGCAAATAGG,Bacteria,Firmicutes,Bacilli,RF39,,,,Bacteria*Firmicutes*Bacilli*RF39*_*_*_,1256.4139041672506,-3.9534074786463675e-05,5.1372901729718755e-05,-0.7695511340678965,0.4435591716755848,0.9539541331513363,0,91,False
TACGTAGGGAGCGAGCGTTATCCGGATTTATTGGGTGTAAAGGGTGCGTAGACGGGAAATTAAGTTAGTTGTGAAATCCCTCGGCTTAACTGAGGAACTGCAACTAAAACTGGTTTTCTTGAGTGCTGGAGAGGAAAGTGGAATTCCTAGTGTAGCGGTGAAATGCGTAGATATTAGGAGGAACACCAGTGGCGAAGGCGACTTTCTGGACAGTAACTGACGTTGAGGCACGAAAGTGTGGGGAGCAAACAGG,Bacteria,Firmicutes,Clostridia,Clostridia_UCG-014,,,,Bacteria*Firmicutes*Clostridia*Clostridia_UCG-014*_*_*_,1256.6220551170788,-0.0002785265513174386,0.00020188451860483341,-1.3796330359665838,0.1710803783639075,0.8826670779283483,0,91,False
TACGTAGGGAGCGAGCGTTATCCGGATTTATTGGGTGTAAAGGGTGCGTAGACGGGAAGATAAGTTAGTTGTGAAATCCCTCGGCTTAACTGAGGAACTGCAACTAAAACTGTTTTTCTTGAGTACTGGAGAGGAAAGTGGAATTCCTAGTGTAGCGGTGAAATGCGTAGATATTAGGAGGAACACCAGTGGCGAAGGCGACTTTCTGGACAGAAACTGACGTTGAGGCACGAAAGTGTGGGGAGCAAACAGG,Bacteria,Firmicutes,Clostridia,Clostridia_UCG-014,,,,Bacteria*Firmicutes*Clostridia*Clostridia_UCG-014*_*_*_,1258.0566507334663,-0.0011869071313064879,0.0008985194101511505,-1.320958810569072,0.18982724256325714,0.8826670779283483,0,91,False
TACGTAGGGAGCGAGCGTTATCCGGATTTATTGGGTGTAAAGGGTGCGTAGACGGGAAGTCAAGTTAGTTGTGAAATCCCTCGGCTTAACTGAGGAACTGCAACTAAAACTGATTTTCTTGAGTACTGGAGAGGAAAGTGGAATTCCTAGTGTAGCGGTGAAATGCGTAGATATTAGGAGGAACACCGGTGGCGAAGGCGACTTTCTGGACAGAAACTGACGTTGAGGCACGAAAGTGTGGGGAGCAAACAGG,Bacteria,Firmicutes,Clostridia,Clostridia_UCG-014,,,,Bacteria*Firmicutes*Clostridia*Clostridia_UCG-014*_*_*_,1259.9092513792455,-0.0031164251697654685,0.0015754867095426764,-1.9780713800309284,0.050945453413206145,0.8826670779283483,0,91,False
TACGTAGGGAGCGAGCGTTATCCGGATTTATTGGGTGTAAAGGGTGCGTAGACGGGAATACAAGTTAGTTGTGAAATACCTCGGCTTAACTGAGGAACTGCAACTAAAACTATATTTCTTGAGTACAGGAGAGGTAAGTGGAATTCCTAGTGTAGCGGTGAAATGCGTAGATATTAGGAGGAACACCAGTGGCGAAGGCGACTTACTGGACTGAAACTGACGTTGAGGCACGAAAGTGTGGGGAGCAAACAGG,Bacteria,Firmicutes,Clostridia,Clostridia_UCG-014,,,,Bacteria*Firmicutes*Clostridia*Clostridia_UCG-014*_*_*_,1256.6576270350772,0.0005144068236671163,0.0011751955953092016,0.4377201767266431,0.6626263181152013,0.9706987547576728,0,91,False
TACGTAGGGAGCGAGCGTTGTCCGGAATGACTGGGTGTAAAGGGAGCGTAGGCGGGATGGCAAGTCAGATGTGAAACCTGAGGGCTCAACCTTCAGACTGCATTTGAAACTGCTGTTCTTGAGTGAAGTAGAGGTAAGCGGAATTCCTGGTGTAGCGGTGAAATGCGTAGAGATCAGGAGGAACATCGGTGGCGAAGGCGGCTTACTGGGCTTTTACTGACGCTGAGGCTCGAAAGCGTGGGGAGCAAACAGG,Bacteria,Firmicutes,Clostridia,Oscillospirales,Ruminococcaceae,Ruminococcus,,Bacteria*Firmicutes*Clostridia*Oscillospirales*Ruminococcaceae*Ruminococcus*_,1259.776233675362,-2.864798802974225e-06,0.002324611711672669,-0.0012323773422413266,0.9990194029945,0.9999331984954238,0,91,False
TACGTAGGGAGCGAGCGTTGTCCGGAATTACTGGGCGTAAAGAGCGCGTAGGTGGGTATTTAAGTCAGATGTGAAAACTTGGGGCTCAACCGCAAGCCTGCATTTGAAACTGGATATCTTGAGGGCAGGAGAGGAAAGTGGAATTCCTAGTGTAGCGGTGAAATGCGTAGATATTAGGAGGAACACCAGTGGCGAAGGCGACTTTCTGGACTGTACCTGACACTGAGGCGCGAAAGCGTGGGGAGCGAACGGG,Bacteria,Firmicutes,Clostridia,Peptococcales,Peptococcaceae,,,Bacteria*Firmicutes*Clostridia*Peptococcales*Peptococcaceae*_*_,1256.4058787701908,-2.5539877154425443e-05,4.957665873453329e-05,-0.5151593069469059,0.6076908678763584,0.9598764883716622,0,91,False
TACGTAGGGAGCGAGCGTTGTCCGGAATTACTGGGCGTAAAGGGCGCGTAGGCGGTAGATCAAGTCGCATGTGAAATACCCGGGCTCAACCTGGGGGGTGCATGCGAAACTGGAATACTTGAGTGCGGTAGAGGAAAGTGGAATTCCTAGTGTAGCGGTGAAATGCGTAGATATTAGGAGGAACACCAGTGGCGAAGGCGACTTTCTGGGCCGTAACTGACGCTGAGGCGCGAAAGCGTGGGGAGCAAACAGG,Bacteria,Firmicutes,Clostridia,,,,,Bacteria*Firmicutes*Clostridia*_*_*_*_,1256.4159889828509,-9.918819054008504e-06,5.2578576826062376e-05,-0.1886475377000296,0.8507891487860892,0.9930777837826986,0,91,False
TACGTAGGGAGCGAGCGTTGTCCGGAATTACTGGGCGTAAAGGGCGTGTAGGCGGGAATTTAAGTAAGGTGTGAAAACTCCGGGCTTAACCTGGAGACTGCACTTTAAACTGGATTTCTTGAGGGCAGGAGAGGAAAGTGGAATTCCTAGTGTAGCGGTGAAATGCGTAGATATTAGGAGGAACACCAGTGGCGAAGGCGACTTTCTGGACTGTACCTGACGCTGAGGCGCGAAAGCGTGGGGAGCGAACAGG,Bacteria,Firmicutes,Clostridia,Peptococcales,Peptococcaceae,,,Bacteria*Firmicutes*Clostridia*Peptococcales*Peptococcaceae*_*_,1256.6728754686628,-0.0002765913466351189,0.00010263762508014102,-2.6948338527820783,0.008387226493024756,0.75962931211253,0,91,False
TACGTAGGGAGCGAGCGTTGTCCGGAATTACTGGGCGTAAAGGGTGCGTAGGCGGCGCAGTTAGTCAGAAGTGAAATATCGGGGCTTAACTCCGGGACTGCTTCTGATACTGCTGTGCTCGAGTGCAGGAGAGGTAAGTGGAATTCCTAGTGTAGCGGTGAAATGCGTAGATATTAGGAGGAACACCAGTGGCGAAGGCGACTTACTGGACTGTAACTGACGCTGAGGCACGAAAGCGTGGGTAGCAAACAGG,Bacteria,Firmicutes,Clostridia,Christensenellales,Christensenellaceae,,,Bacteria*Firmicutes*Clostridia*Christensenellales*Christensenellaceae*_*_,1256.4327777440021,-4.514539941713382e-05,5.738032165328782e-05,-0.7867749450746944,0.43345783787891734,0.9539541331513363,0,91,False
TACGTAGGGAGCGAGCGTTGTCCGGAATTACTGGGCGTAAAGGGTGCGTAGGCGGTCTGAAAAGTCGGATGTGAAATCCCCGTGCTTAACATGGGAGCTGCATTCGAAACTTTCGGACTTGAGTGTCGGAGAGGTAAGCGGAATTCCCGGTGTAGCGGTGAAATGCGTAGATATCGGGAGGAACACCAGTGGCGAAGGCGGCTTACTGGACGACAACTGACGCTGAGGCACGAAAGCGTGGGGAGCAAACAGG,Bacteria,Firmicutes,Clostridia,,,,,Bacteria*Firmicutes*Clostridia*_*_*_*_,1256.9619669047006,-0.00010173138651344814,0.0001740097765983711,-0.5846302920568226,0.5602430330326464,0.9539541331513363,0,91,False
TACGTAGGGAGCGAGCGTTGTCCGGAATTACTGGGCGTAAAGGGTGCGTAGGCGGTTTGGTAAGTCAGATGTGAAATACCCGGGCTTAACCCGGGGGCTGCATCTGATACTGTCAGACTTGAGTGCAGGAGAGGAAAGCGGAATTCCTAGTGTAGCGGTGAAATGCGTAGATATTAGGAGGAACACCAGTGGCGAAGGCGGCTTTCTGGACTGTAACTGACGCTGAGGCACGAAAGCGTGGGGAGCAAACAGG,Bacteria,Firmicutes,Clostridia,Christensenellales,Christensenellaceae,,,Bacteria*Firmicutes*Clostridia*Christensenellales*Christensenellaceae*_*_,1256.4625105006412,-3.93709746396303e-05,6.825817754212247e-05,-0.5767949871696219,0.5655020712058931,0.9539541331513363,0,91,False
TACGTAGGGAGCGAGCGTTGTCCGGAATTACTGGGTGTAAAGGGAGCGTAGGCGGGAAAGCAAGTTGGAAGTGAAATGCATGGGCTCAACCCATGAGCTGCTTTCAAAACTGTTTTTCTTGAGTGAAGTAGAGGCAGGCGGAATTCCTAGTGTAGCGGTGAAATGCGTAGATATTAGGAGGAACACCAGTGGCGAAGGCGGCCTGCTGGGCTTTAACTGACGCTGAGGCTCGAAAGCGTGGGTAGCAAACAGG,Bacteria,Firmicutes,Clostridia,Oscillospirales,Ruminococcaceae,,,Bacteria*Firmicutes*Clostridia*Oscillospirales*Ruminococcaceae*_*_,1256.459932288735,2.350062316261949e-06,9.326054438293986e-05,0.025198891254722782,0.9799514976188695,0.9999331984954238,0,91,False
TACGTAGGGAGCGAGCGTTGTCCGGAATTACTGGGTGTAAAGGGAGCGTAGGCGGGAAAGCAAGTTGGAAGTGAAATGCATGGGCTTAACCCATGAGCTGCTTTCAAAACTGTTTTTCTTGAGTGAAGTAGAGGCAGGCGGAATTCCTAGTGTAGCGGTGAAATGCGTAGATATTAGGAGGAACACCAGTGGCGAAGGCGGCCTGCTGGGCTTTAACTGACGCTGAGGCTCGAAAGCGTGGGTAGCAAACAGG,Bacteria,Firmicutes,Clostridia,Oscillospirales,Ruminococcaceae,,,Bacteria*Firmicutes*Clostridia*Oscillospirales*Ruminococcaceae*_*_,1256.9677871288366,0.00011054409600045307,0.0002433299974438695,0.4542970335005777,0.6506968131498325,0.9685280873155366,0,91,False
TACGTAGGGAGCGAGCGTTGTCCGGAATTACTGGGTGTAAAGGGAGCGTAGGCGGGAAGGCAAGTTGGATGTGAAAACTGTGGGCTCAACCGACAGACTGCATTCAAAACTGTTTTTCTTGAGTGAAGTAGAGGCAAGCGGAATTCCTAGTGTAGCGGTGAAATGCGTAGATATTAGGAGGAACACCAGTGGCGAAGGCGGCTTGCTGGGCTTTTACTGACGCTGAGGCTCGAAAGTGTGGGGAGCAAACAGG,Bacteria,Firmicutes,Clostridia,Oscillospirales,Ruminococcaceae,Angelakisella,,Bacteria*Firmicutes*Clostridia*Oscillospirales*Ruminococcaceae*Angelakisella*_,1256.6251495190409,8.505742586659864e-05,0.00018762087013806172,0.45334735844689733,0.6513778320232954,0.9685280873155366,0,91,False
TACGTAGGGAGCGAGCGTTGTCCGGAATTACTGGGTGTAAAGGGAGCGTAGGCGGGAAGGCAAGTTGGATGTGAAAACTGTGGGCTCAACCTACAGACTGCATTCAAAACTGTTTTTCTTGAGTGAAGTAGAGGCAAGCGGAATTCCTAGTGTAGCGGTGAAATGCGTAGATATTAGGAGGAACACCAGTGGCGAAGGCGGCTTGCTGGGCTTTTACTGACGCTGAGGCTCGAAAGTGTGGGGAGCAAACAGG,Bacteria,Firmicutes,Clostridia,Oscillospirales,Ruminococcaceae,Angelakisella,,Bacteria*Firmicutes*Clostridia*Oscillospirales*Ruminococcaceae*Angelakisella*_,1256.5700000647491,0.00018030321838393852,0.00017364184062362023,1.0383627456170386,0.301852403631699,0.897683688214678,0,91,False
TACGTAGGGAGCGAGCGTTGTCCGGAATTACTGGGTGTAAAGGGAGCGTAGGCGGGAAGGCAAGTTGGATGTGAAAACTGTGGGCTTAACCGACAGACTGCATTCAAAACTGTTTTTCTTGAGTGAAGTAGAGGCAAGCGGAATTCCTAGTGTAGCGGTGAAATGCGTAGATATTAGGAGGAACACCAGTGGCGAAGGCGGCTTGCTGGGCTTTTACTGACGCTGAGGCTCGAAAGTGTGGGGAGCAAACAGG,Bacteria,Firmicutes,Clostridia,Oscillospirales,Ruminococcaceae,Angelakisella,,Bacteria*Firmicutes*Clostridia*Oscillospirales*Ruminococcaceae*Angelakisella*_,1256.6591901460063,-9.910210997763464e-05,0.00017248256229791134,-0.57456306688247,0.5670045313574729,0.9539541331513363,0,91,False
TACGTAGGGAGCGAGCGTTGTCCGGAATTACTGGGTGTAAAGGGAGCGTAGGCGGGACAGCAAGTTGAATGTGAAATCTATGGGCTCAACCCATAAACTGCGTTCAAAACTGTTGTTCTTGAGTGAAGTAGAGGTAGGCGGAATTCCTAGTGTAGCGGTGAAATGCGTAGATATTAGGAGGAACACCAGTGGCGAAGGCGGCCTACTGGGCTTTAACTGACGCTGAGGCTCGAAAGCGTGGGTAGCAAACAGG,Bacteria,Firmicutes,Clostridia,Oscillospirales,Ruminococcaceae,,,Bacteria*Firmicutes*Clostridia*Oscillospirales*Ruminococcaceae*_*_,1256.4027270259717,0.0001312518947577367,0.00011965575369671363,1.0969125236586224,0.2755738606899235,0.8853818901235723,0,91,False
TACGTAGGGAGCGAGCGTTGTCCGGAATTACTGGGTGTAAAGGGAGCGTAGGCGGGACGGCAAGTCAGATGTGAAAACTATGGGCTCAACCCATAGACTGCATTTGAAACTGTTGTTCTTGAGTGAGGTAGAGGTAAGCGGAATTCCTGGTGTAGCGGTGAAATGCGTAGAGATCAGGAGGAACATCGGTGGCGAAGGCGGCTTACTGGGCCTTTACTGACGCTGAGGCTCGAAAGCGTGGGGAGCAAACAGG,Bacteria,Firmicutes,Clostridia,Oscillospirales,Ruminococcaceae,Ruminococcus,,Bacteria*Firmicutes*Clostridia*Oscillospirales*Ruminococcaceae*Ruminococcus*_,1256.8448148209188,0.001323931074298873,0.0009419575633022373,1.405510317956941,0.16327456035514099,0.8826670779283483,0,91,False
TACGTAGGGAGCGAGCGTTGTCCGGAATTACTGGGTGTAAAGGGAGCGTAGGCGGGACGGCAAGTCAGATGTGAAATACATGGGCTCAACCCATGGGCTGCATTTGAAACTGCTGTTCTTGAGTGAAGTAGAGGTAAGCGGAATTCCTGGTGTAGCGGTGAAATGCGTAGATATCAGGAGGAACACCGGTGGCGAAGGCGGCTTACTGGGCTTTTACTGACGCTGAGGCTCGAAAGCGTGGGGAGCAAACAGG,Bacteria,Firmicutes,Clostridia,Oscillospirales,Ruminococcaceae,Ruminococcus,,Bacteria*Firmicutes*Clostridia*Oscillospirales*Ruminococcaceae*Ruminococcus*_,1257.3531973717884,-0.0011140426117509916,0.000471217220616731,-2.3641806008127806,0.020196342494841056,0.75962931211253,0,91,False
TACGTAGGGAGCGAGCGTTGTCCGGAATTACTGGGTGTAAAGGGAGCGTAGGCGGGAGATCAAGTCAGATGTGAAAACTATGGGCTCAACCCATAACCTGCATTTGAAACTGTTCTTCTTGAGTGAAGTAGAGGCAGGCGGAATTCCGAGTGTAGCGGTGAAATGCGTAGATATTCGGAGGAACACCAGTGGCGAAGGCGGCCTGCTGGGCTTTTACTGACGCTGAGGCTCGAAAGCATGGGGAGCAAACAGG,Bacteria,Firmicutes,Clostridia,Oscillospirales,,,,Bacteria*Firmicutes*Clostridia*Oscillospirales*_*_*_,1256.3999902375986,9.618818524902752e-07,5.6145267816241696e-05,0.017132020024170625,0.9863688007997848,0.9999331984954238,0,91,False
TACGTAGGGAGCGAGCGTTGTCCGGAATTACTGGGTGTAAAGGGAGCGTAGGCGGGATAGCAAGTCAGATGTGAAAACTATGGGCTCAACCTGTAGATTGCATTTGAAACTGTTGTTCTTGAGTGAAGTAGAGGTAAGCGGAATTCCTAGTGTAGCGGTGAAATGCGTAGATATTAGGAGGAACATCGGTGGCGAAGGCGGCTTACTGGGCTTTTACTGACGCTGAGGCTCGAAAGCGTGGGGAGCAAACAGG,Bacteria,Firmicutes,Clostridia,Oscillospirales,Ruminococcaceae,Ruminococcus,champanellensis,Bacteria*Firmicutes*Clostridia*Oscillospirales*Ruminococcaceae*Ruminococcus*champanellensis,1257.1186316685062,-7.489584890019396e-05,0.00072566708456154,-0.10320965425274493,0.9180236888660613,0.9930777837826986,0,91,False
TACGTAGGGAGCGAGCGTTGTCCGGAATTACTGGGTGTAAAGGGAGCGTAGGCGGGATCGCAAGTCAGATGTGAAAACTATGGGCTTAACCCATAAACTGCATTTGAAACTGTGGTTCTTGAGTGAAGTAGAGGTAAGCGGAATTCCTAGTGTAGCGGTGAAATGCGTAGATATTAGGAGGAACATCAGTGGCGAAGGCGGCTTACTGGGCTTTAACTGACGCTGAGGCTCGAAAGCGTGGGGAGCAAACAGG,Bacteria,Firmicutes,Clostridia,Oscillospirales,Ruminococcaceae,Ruminococcus,bicirculans,Bacteria*Firmicutes*Clostridia*Oscillospirales*Ruminococcaceae*Ruminococcus*bicirculans,1270.966757424751,-0.005196589918869607,0.0044798439235650255,-1.1599935193131015,0.2490858428315887,0.8853818901235723,0,91,False
TACGTAGGGAGCGAGCGTTGTCCGGAATTACTGGGTGTAAAGGGAGCGTAGGCGGGATGCCAAGTAGAATGTTAAATCCATCGGCTCAACTGGTGGCAGCGTTCTAAACTGGCGTTCTTGAGTGAGGTAGAGGCAGGCGGAATTCCTAGTGTAGCGGTGAAATGCGTAGATATTAGGAGGAACACCAGTGGCGAAGGCGGCCTGCTGGGCCTTAACTGACGCTGAGGCTCGAAAGCGTGGGGAGCAAACAGG,Bacteria,Firmicutes,Clostridia,Oscillospirales,Ruminococcaceae,Anaerotruncus,,Bacteria*Firmicutes*Clostridia*Oscillospirales*Ruminococcaceae*Anaerotruncus*_,1256.3978978279004,-2.115445209804671e-05,4.7247141371957804e-05,-0.4477403602369546,0.6554046640290709,0.9706987547576728,0,91,False
TACGTAGGGAGCGAGCGTTGTCCGGAATTACTGGGTGTAAAGGGAGCGTAGGCGGGATGGCAAGTAGAATGTGAAAACAGCCGGCTCAACTGGTTGTTGCGTTCTAAACTGCCGTTCTTGAGTGAAGTAGAGGCAGGCGGAATTCCTAGTGTAGCGGTGAAATGCGTAGATATTAGGAGGAACACCAGTGGCGAAGGCGGCCTGCTGGGCTTTAACTGACGCTGAGGCTCGAAAGCGTGGGGAGCAAACAGG,Bacteria,Firmicutes,Clostridia,Oscillospirales,Ruminococcaceae,Anaerotruncus,,Bacteria*Firmicutes*Clostridia*Oscillospirales*Ruminococcaceae*Anaerotruncus*_,1256.4372602164997,-6.635273950070039e-05,5.8928481921273804e-05,-1.1259875927118759,0.263131535501481,0.8853818901235723,0,91,False
TACGTAGGGAGCGAGCGTTGTCCGGAATTACTGGGTGTAAAGGGAGCGTAGGCGGGATGGCAAGTCAGATGTGAAAACTATGGGCTCAACCCATAGACTGCATTTGAAACTGTTGTTCTTGAGTGAGGTAGAGGTAAGCGGAATTCCTGGTGTAGCGGTGAAATGCGTAGAGATCAGGAGGAACATCGGTGGCGAAGGCGGCTTACTGGGCCTTTACTGACGCTGAGGCTCGAAAGCGTGGGGAGCAAACAGG,Bacteria,Firmicutes,Clostridia,Oscillospirales,Ruminococcaceae,Ruminococcus,callidus,Bacteria*Firmicutes*Clostridia*Oscillospirales*Ruminococcaceae*Ruminococcus*callidus,1259.9187559043082,-0.0007950126544639035,0.0019529178962742902,-0.407089645694067,0.6848981226699138,0.9811380622590592,0,91,False
TACGTAGGGAGCGAGCGTTGTCCGGAATTACTGGGTGTAAAGGGAGCGTAGGCGGGATTGCAAGTCAGATGTGAAAACTATGGGCTTAACCCATAGACTGCATTTGAAACTGTAGTTCTTGAGTGAAGTAGAGGTAAGCGGAATTCCTAGTGTAGCGGTGAAATGCGTAGATATTAGGAGGAACATCGGTGGCGAAGGCGGCTTACTGGGCTTTTACTGACGCTGAGGCTCGAAAGCGTGGGGAGCAAACAGG,Bacteria,Firmicutes,Clostridia,Oscillospirales,Ruminococcaceae,Ruminococcus,champanellensis,Bacteria*Firmicutes*Clostridia*Oscillospirales*Ruminococcaceae*Ruminococcus*champanellensis,1258.168701867244,-0.0016949148285913338,0.0010515331864590443,-1.611851009951314,0.11045745947129201,0.8826670779283483,0,91,False
TACGTAGGGAGCGAGCGTTGTCCGGAATTACTGGGTGTAAAGGGAGCGTAGGCGGGGTCTCAAGTCGAATGTTAAATCTACCGGCTCAACTGGTAGCTGCGTTCGAAACTGGGGCTCTTGAGTGAAGTAGAGGCAGGCGGAATTCCTAGTGTAGCGGTGAAATGCGTAGATATTAGGAGGAACACCAGTGGCGAAGGCGGCCTGCTGGGCTTTTACTGACGCTGAGGCTCGAAAGCGTGGGGAGCAAACAGG,Bacteria,Firmicutes,Clostridia,Oscillospirales,Ruminococcaceae,Phocea,massiliensis,Bacteria*Firmicutes*Clostridia*Oscillospirales*Ruminococcaceae*Phocea*massiliensis,1256.529864697202,-0.00015645185276708562,0.00012037562213890807,-1.2996971478705812,0.19698755436726562,0.8826670779283483,0,91,False
TACGTAGGGAGCGAGCGTTGTCCGGAATTACTGGGTGTAAAGGGTGCGTAGGCGGGATAGCAAGTCAGGCGTGAAATCCATCGGCTTAACCGGTGAACTGCGCTTGAAACTGTAATTCTTGAGTGAAGTAGAGGCAGGCGGAATTCCGAGTGTAGCGGTGAAATGCGTAGATATTCGGAGGAACACCAGTGGCGAAGGCGGCCTGCTGGGCTTTTACTGACGCTGAGGCACGAAAGCATGGGGAGCAAACAGG,Bacteria,Firmicutes,Clostridia,Oscillospirales,Ruminococcaceae,,,Bacteria*Firmicutes*Clostridia*Oscillospirales*Ruminococcaceae*_*_,1256.3935572821313,-1.617028690357459e-05,4.6281621893813125e-05,-0.34938894191467856,0.7276045612051634,0.9886333883312699,0,91,False
TACGTAGGGAGCGAGCGTTGTCCGGAATTACTGGGTGTAAAGGGTGCGTAGGCGGGGGACCAAGTCAGGTGTGAAAACTATCGGCTTAACCGGTAGCCTGCACTTGAAACTGGCCCTCTTGAGTGAAGTAGAGGCAGGCGGAATTCCCGGTGTAGCGGTGAAATGCGTAGAGATCGGGAGGAACACCAGTGGCGAAGGCGGCCTGCTGGGCTTTAACTGACGCTGAGGCACGAAAGCATGGGTAGCAAACAGG,Bacteria,Firmicutes,Clostridia,Oscillospirales,Ruminococcaceae,Caproiciproducens,,Bacteria*Firmicutes*Clostridia*Oscillospirales*Ruminococcaceae*Caproiciproducens*_,1256.388048049119,-4.2583717697254364e-06,4.6125148557049166e-05,-0.0923221258454818,0.92664505114655,0.9930777837826986,0,91,False
TACGTAGGGAGCGAGCGTTGTCCGGATTTACTGGGTGTAAAGGGCGTGTAGGCGGAGCTGCAAGTCAGAAGTGAAATCTCCGGGCTTAACCCGGAAACTGCTTTTGAAACTGTAGCCCTTGAGTACTGGAGAGGCAGGCGGAATTCCTAGTGTAGCGGTGAAATGCGTAGATATTAGGAGGAACACCAGTGGCGAAGGCGGCCTGCTGGACAGCAACTGACGCTGAGGCGCGAAAGCGTGGGGAGCAAACAGG,Bacteria,Firmicutes,Clostridia,Oscillospirales,Oscillospiraceae,UCG-005,,Bacteria*Firmicutes*Clostridia*Oscillospirales*Oscillospiraceae*UCG-005*_,1256.3819917418045,-2.8897154008775816e-06,4.549242526204104e-05,-0.06352080339160913,0.9494911162568171,0.9930777837826986,0,91,False
TACGTAGGGAGCGAGCGTTGTCCGGATTTACTGGGTGTAAAGGGTGCGTAGGCGGATAGGCAAGTCAGTGGTGAAATCTATGGGCTTAACCCATAAACTGCCATTGAAACTGTTTATCTTGAGTGGAGTAGAGGCAGGCGGAATTCCCGGTGTAGCGGTGAAATGCGTAGAGATCGGGAGGAACACCAGTGGCGAAGGCGGCCTGCTGGGCTTTAACTGACGCTGAGGCACGAAAGTGTGGGTAGCAAACAGG,Bacteria,Firmicutes,Clostridia,Oscillospirales,Ruminococcaceae,Incertae_Sedis,,Bacteria*Firmicutes*Clostridia*Oscillospirales*Ruminococcaceae*Incertae_Sedis*_,1256.4968318099939,2.5500779516572707e-05,0.00011413260133402771,0.22343116005864536,0.8237007637781845,0.9930777837826986,0,91,False
TACGTAGGGAGCGAGCGTTGTCCGGATTTACTGGGTGTAAAGGGTGCGTAGGCGGATCTGCAAGTCAGTAGTGAAATCCCAGGGCTTAACCCTGGAACTGCTATTGAAACTGTGGGTCTTGAGTGAGGTAGAGGCAGGCGGAATTCCCGGTGTAGCGGTGAAATGCGTAGAGATCGGGAGGAACACCAGTGGCGAAGGCGGCCTGCTGGGCCTTAACTGACGCTGAGGCACGAAAGCATGGGTAGCAAACAGG,Bacteria,Firmicutes,Clostridia,Oscillospirales,Ruminococcaceae,DTU089,,Bacteria*Firmicutes*Clostridia*Oscillospirales*Ruminococcaceae*DTU089*_,1256.573612590772,-9.226860786292401e-05,0.00010741267462210745,-0.8590104304500158,0.3925919114656585,0.9431683284555131,0,91,False
TACGTAGGGAGCGAGCGTTGTCCGGATTTACTGGGTGTAAAGGGTGCGTAGGCGGCAGAGCAAGTCAGGCGTGAAAGCCATGGGCTTAACCCATGAACTGCGCTTGAAACTGTTTTGCTTGAGTGAAGTAGAGGCAGGCGGAATTCCCGGTGTAGCGGTGAAATGCGTAGAGATCGGGAGGAACACCAGTGGCGAAGGCGGCCTGCTGGGCTTTAACTGACGCTGAGGCACGAAAGCATGGGTAGCAAACAGG,Bacteria,Firmicutes,Clostridia,Oscillospirales,Ruminococcaceae,Incertae_Sedis,,Bacteria*Firmicutes*Clostridia*Oscillospirales*Ruminococcaceae*Incertae_Sedis*_,1256.3819917418045,5.0294947628602585e-05,5.490626987189547e-05,0.9160146508941185,0.36208031865199874,0.9334148474340487,0,91,False
TACGTAGGGAGCGAGCGTTGTCCGGATTTACTGGGTGTAAAGGGTGCGTAGGCGGCCGAGCAAGTCAGTTGTGAAAACTATGGGCTTAACCCATAACGTGCAATTGAAACTGTCCGGCTTGAGTGAAGTAGAGGTAGGCGGAATTCCCGGTGTAGCGGTGAAATGCGTAGAGATCGGGAGGAACACCAGTGGCGAAGGCGGCCTACTGGGCTTTAACTGACGCTGAGGCACGAAAGCATGGGTAGCAAACAGG,Bacteria,Firmicutes,Clostridia,Oscillospirales,Ruminococcaceae,CAG-352,,Bacteria*Firmicutes*Clostridia*Oscillospirales*Ruminococcaceae*CAG-352*_,1259.155722753603,-1.6382552224595268e-06,0.0033439250344302657,-0.0004899198413814474,0.9996101729426217,0.9999331984954238,0,91,False
TACGTAGGGAGCGAGCGTTGTCCGGATTTACTGGGTGTAAAGGGTGCGTAGGCGGCGAGGCAAGTCAGGCGTGAAATCTATGGGCTTAACCCATAAACTGCGCTTGAAACTGTCTTGCTTGAGTGAAGTAGAGGTAGGCGGAATTCCCGGTGTAGCGGTGAAATGCGTAGAGATCGGGAGGAACACCAGTGGCGAAGGCGGCCTACTGGGCTTTAACTGACGCTGAAGCACGAAAGCATGGGTAGCAAACAGG,Bacteria,Firmicutes,Clostridia,Oscillospirales,Ruminococcaceae,Incertae_Sedis,,Bacteria*Firmicutes*Clostridia*Oscillospirales*Ruminococcaceae*Incertae_Sedis*_,1257.6113125116392,0.0009574695591817878,0.0009500435667491541,1.0078164756781036,0.3162148831282083,0.9189073084248836,0,91,False
TACGTAGGGAGCGAGCGTTGTCCGGATTTACTGGGTGTAAAGGGTGCGTAGGCGGCTAGACAAGTCAGGTGTGAAATACCGCAGCTCAACTGCGGGGCTGCACTTGAAACTGTAGAGCTTGAGTGATGGAGAGGTAAGCGGAATTCCTAGTGTAGCGGTAAAATGCGTAGATATTAGGAGGAACACCAGTGGCGAAGGCGGCTTACTGGACATTAACTGACGCTGAGGCACGAAAGCGTGGGGAGCAAACAGG,Bacteria,Firmicutes,Clostridia,Oscillospirales,,,,Bacteria*Firmicutes*Clostridia*Oscillospirales*_*_*_,1256.3903797287082,1.5922654811919234e-05,5.228520380418757e-05,0.30453462267357506,0.7614159723949777,0.9930777837826986,0,91,False
TACGTAGGGAGCGAGCGTTGTCCGGATTTACTGGGTGTAAAGGGTGCGTAGGCGGCTCTGCAAGTCAGAAGTGAAATCCATGGGCTTAACCCATGAACTGCTTTTGAAACTGTAGAGCTTGAGTGAAGTAGAGGTAGGCGGAATTCCCGGTGTAGCGGTGAAATGCGTAGAGATCGGGAGGAACACCAGTGGCGAAGGCGGCCTACTGGGCTTTAACTGACGCTGAGGCACGAAAGCATGGGTAGCAAACAGG,Bacteria,Firmicutes,Clostridia,Oscillospirales,Ruminococcaceae,Incertae_Sedis,,Bacteria*Firmicutes*Clostridia*Oscillospirales*Ruminococcaceae*Incertae_Sedis*_,1256.3819917418045,0.001138414328075006,0.0011483600143789522,0.99133922621877,0.32414864344731864,0.9189073084248836,0,91,False
TACGTAGGGAGCGAGCGTTGTCCGGATTTACTGGGTGTAAAGGGTGCGTAGGCGGGAAAGCAAGTCAGGTGTGAAATACCGGGGCTCAACTCCGGGGCTGCGCTTGAAACTGTTTTTCTTGAGTGAAGTAGAGGCAGGCGGAATTCCTAGTGTAGCGGTGGAATGCGTAGATATTAGGAGGAACACCAGTGGCGAAGGCGGCCTGCTGGGCTTTAACTGACGCTGAGGCACGAAAGCATGGGGAGCAAACAGG,Bacteria,Firmicutes,Clostridia,Oscillospirales,Ruminococcaceae,,,Bacteria*Firmicutes*Clostridia*Oscillospirales*Ruminococcaceae*_*_,1256.424456737651,-5.165116215841629e-05,5.17753326368102e-05,-0.997601744458796,0.32111785997101233,0.9189073084248836,0,91,False
TACGTAGGGAGCGAGCGTTGTCCGGATTTACTGGGTGTAAAGGGTGCGTAGGCGGGATGGCAAGTCAGATGTGAAATACCGGGGCTTAACCCCGGGGCTGCATTTGAAACTGTCGTTCTTGAGTGAAGTAGAGGCAGGCGGAATTCCTAGTGTAGCGGTGAAATGCGTAGATATTAGGAGGAACACCAGTGGCGAAGGCGGCCTGCTGGGCTTTAACTGACGCTGAGGCACGAAAGCATGGGGAGCAAACAGG,Bacteria,Firmicutes,Clostridia,Oscillospirales,Ruminococcaceae,Ruminococcus,,Bacteria*Firmicutes*Clostridia*Oscillospirales*Ruminococcaceae*Ruminococcus*_,1257.0056385923274,-0.0004618287578069982,0.00029612891776217116,-1.5595530530993427,0.12233669788479613,0.8826670779283483,0,91,False
TACGTAGGGAGCGAGCGTTGTCCGGATTTACTGGGTGTAAAGGGTGCGTAGGCGGGATGGCAAGTCAGATGTGAAATACCGGGGCTTAACTCCGGGGCTGCATTTGAAACTGTCGTTCTTGAGTGAAGTAGAGGCAGGCGGAATTCCTAGTGTAGCGGTGAAATGCGTAGATATTAGGAGGAACACCAGTGGCGAAGGCGGCCTGCTGGGCTTTAACTGACGCTGAGGCACGAAAGCATGGGGAGCAAACAGG,Bacteria,Firmicutes,Clostridia,Oscillospirales,Ruminococcaceae,,,Bacteria*Firmicutes*Clostridia*Oscillospirales*Ruminococcaceae*_*_,1256.47186209625,1.4147682465550054e-05,0.0001068962458797558,0.1323496662498731,0.8949999294394507,0.9930777837826986,0,91,False
TACGTAGGGAGCGAGCGTTGTCCGGATTTACTGGGTGTAAAGGGTGCGTAGGCGGGATGGCAAGTCAGATGTGAAATGCCGGGGCTCAACCCCGGAGCTGCATTTGAAACTGTCGTTCTTGAGTGAAGTAGAGGCAGGCGGAATTCCTAGTGTAGCGGTGAAATGCGTAGATATTAGGAGGAACACCAGTGGCGAAGGCGGCCTGCTGGGCTTTAACTGACGCTGAGGCACGAAAGCATGGGGAGCAAACAGG,Bacteria,Firmicutes,Clostridia,Oscillospirales,Ruminococcaceae,Ruminococcus,,Bacteria*Firmicutes*Clostridia*Oscillospirales*Ruminococcaceae*Ruminococcus*_,1256.49330722275,-1.4019599219340626e-05,0.0001263499755875001,-0.11095846401356642,0.9118936440245727,0.9930777837826986,0,91,False
TACGTAGGGAGCGAGCGTTGTCCGGATTTACTGGGTGTAAAGGGTGCGTAGGCGGGCTGTCAAGTCAGATGTGAAATACCGGGGCTCAACTCCGGGGCTGCATTTGAAACTGATGGTCTTGAGTGAAGTAGAGGCAGGCGGAATTCCTAGTGTAGCGGTGAAATGCGTAGATATTAGGAGGAACACCAGTGGCGAAGGCGGCCTGCTGGGCTTTAACTGACGCTGAGGCACGAAAGCATGGGGAGCAAACAGG,Bacteria,Firmicutes,Clostridia,Oscillospirales,Ruminococcaceae,,,Bacteria*Firmicutes*Clostridia*Oscillospirales*Ruminococcaceae*_*_,1256.658000725767,-5.558734452842998e-05,0.0002452129037552335,-0.2266901279547512,0.8211731536514804,0.9930777837826986,0,91,False
TACGTAGGGCGCAAGCGTTATCCGGATTTATTGGGCGTAAAGGGCTCGTAGGCGGCTCGTCGCGTCCGGTGTGAAAGTCCATCGCTTAACGGTGGATCTGCGCCGGGTACGGGCGGGCTGGAGTGCGGTAGGGGAGACTGGAATTCCCGGTGTAACGGTGGAATGTGTAGATATCGGGAAGAACACCGATGGCGAAGGCAGGTCTCTGGGCCGTCACTGACGCTGAGGAGCGAAAGCGTGGGGAGCGAACAGG,Bacteria,Actinobacteriota,Actinobacteria,Bifidobacteriales,Bifidobacteriaceae,Bifidobacterium,bifidum,Bacteria*Actinobacteriota*Actinobacteria*Bifidobacteriales*Bifidobacteriaceae*Bifidobacterium*bifidum,1256.767043922699,0.00039681165977857477,0.00041468607905203054,0.9568965051483846,0.34115478757317985,0.9191142356560728,0,91,False
TACGTAGGGCGCGAGCGTTGTCCGGAATTATTGGGCGTAAAGAGCTCGTAGGCGGCTGGTCGCGTCTGTCGTGAAATCCTCTGGCTTAACTGGGGGCTTGCGGTGGGTACGGGCCGGCTTGAGTGCGGTAGGGGAGACTGGAACTCCTGGTGTAGCGGTGGAATGCGCAGATATCAGGAAGAACACCGGTGGCGAAGGCGGGTCTCTGGGCCGTTACTGACGCTGAGGAGCGAAAGCGTGGGGAGCGAACAGG,Bacteria,Actinobacteriota,Actinobacteria,Actinomycetales,Actinomycetaceae,Actinomyces,,Bacteria*Actinobacteriota*Actinobacteria*Actinomycetales*Actinomycetaceae*Actinomyces*_,1256.3819917418045,5.5727402315561796e-06,4.659590823169295e-05,0.11959720162221865,0.905065876229724,0.9930777837826986,0,91,False
TACGTAGGGCGCGAGCGTTGTCCGGAATTATTGGGCGTAAAGAGCTTGTAGGCGGTTTGTCGCGTCTGCTGTGAAAGGCCGGAGCTTAACTCCGTGTATTGCAGTGGGTACGGGCAGACTAGAGTGCAGTAGGGGAGACTGGAATTCCTGGTGTAGCGGTGGAATGCGCAGATATCAGGAGGAACACCGATGGCGAAGGCAGGTCTCTGGGCTGTAACTGACGCTGAGAAGCGAAAGCATGGGGAGCGAACAGG,Bacteria,Actinobacteriota,Actinobacteria,Micrococcales,Micrococcaceae,Rothia,mucilaginosa,Bacteria*Actinobacteriota*Actinobacteria*Micrococcales*Micrococcaceae*Rothia*mucilaginosa,1256.3819917418045,1.611614779266105e-06,4.552737318155447e-05,0.03539880881858246,0.9718392687673252,0.9992408261115441,0,91,False
TACGTAGGGCGCGAGCGTTGTCCGGAATTATTGGGCGTAAAGAGCTTGTAGGCGGTTTGTCGCGTCTGCTGTGAAAGGCCGGGGCTTAACCCCGTGTATTGCAGTGGGTACGGGCAGACTAGAGTGCAGTAGGGGAGACTGGAATTCCTGGTGTAGCGGTGGAATGCGCAGATATCAGGAGGAACACCGATGGCGAAGGCAGGTCTCTGGGCTGTAACTGACGCTGAGAAGCGAAAGCATGGGGAGCGAACAGG,Bacteria,Actinobacteriota,Actinobacteria,Micrococcales,Micrococcaceae,Rothia,mucilaginosa,Bacteria*Actinobacteriota*Actinobacteria*Micrococcales*Micrococcaceae*Rothia*mucilaginosa,1256.3870686171415,-8.719445627345946e-06,4.5537358652578354e-05,-0.1914789501488191,0.8485769655180609,0.9930777837826986,0,91,False
TACGTAGGGCGCGAGCGTTGTCCGGAATTATTGGGCGTAAAGGGCTTGTAGGCGGTTGGTCGCGTCTGCCGTGAAATCCTCTGGCTTAACTGGGGGCGTGCGGTGGGTACGGGCTGACTTGAGTGCGGTAGGGGAGACTGGAACTCCTGGTGTAGCGGTGGAATGCGCAGATATCAGGAAGAACACCGGTGGCGAAGGCGGGTCTCTGGGCCGTTACTGACGCTGAGGAGCGAAAGCGTGGGGAGCGAACAGG,Bacteria,Actinobacteriota,Actinobacteria,Actinomycetales,Actinomycetaceae,Actinomyces,odontolyticus,Bacteria*Actinobacteriota*Actinobacteria*Actinomycetales*Actinomycetaceae*Actinomyces*odontolyticus,1256.4290519565002,-1.788523542109345e-05,5.480313004179661e-05,-0.32635426858745015,0.7449057062940712,0.9930777837826986,0,91,False
TACGTAGGGGACAAGCGTTGTCCGGAATGACTGGGCGTAAAGGGCGCGTAGGCGGTCTATTAAGTCTGATGTGAAAGGTACCGGCTCAACCGGTGAAGTGCATTGGAAACTGGTAGACTTGAGTATTGGAGAGGCAAGTGGAATTCCTAGTGTAGCGGTGAAATGCGTAGATATTAGGAGGAACACCAGTGGCGAAGGCGGCTTGCTGGACAAATACTGACGCTGAGGTGCGAAAGCGTGGGGAGCGAACAGG,Bacteria,Firmicutes,Clostridia,Eubacteriales,Eubacteriaceae,Eubacterium,,Bacteria*Firmicutes*Clostridia*Eubacteriales*Eubacteriaceae*Eubacterium*_,1256.460975685307,-7.233917421650785e-05,6.491317001809842e-05,-1.1143990379200244,0.2680426619025435,0.8853818901235723,0,91,False
TACGTAGGGGGCAAGCGTTATCCGGAATTACTGGGTGTAAAGGGAGCGTAGGCGGCACGCCAAGCCAGATGTGAAAGCCCGAGGCTTAACCTCGCGGATTGCATTTGGAACTGGCGAGCTAGAGTACAGGAGAGGAAAGCGGAATTCCTAGTGTAGCGGTGAAATGCGTAGATATTAGGAAGAACACCAGTGGCGAAGGCGGCTTTCTGGACTGAAACTGACGCTGAGGCTCGAAAGCGTGGGGAGCAAACAGG,Bacteria,Firmicutes,Clostridia,Lachnospirales,Lachnospiraceae,Lachnospiraceae_UCG-010,,Bacteria*Firmicutes*Clostridia*Lachnospirales*Lachnospiraceae*Lachnospiraceae_UCG-010*_,1258.4708954671537,0.00145816629901947,0.0010321902727996285,1.4126913781743544,0.16115753580597414,0.8826670779283483,0,91,False
TACGTAGGGGGCAAGCGTTATCCGGAATTACTGGGTGTAAAGGGAGCGTAGGCGGCACGCCAAGCCAGATGTGAAAGCCCGAGGCTTAACCTCGTGGATTGCATTTGGAACTGGCGAGCTAGAGTACAGGAGAGGAAAGCGGAATTCCTAGTGTAGCGGTGAAATGCGTAGATATTAGGAAGAACACCAGTGGCGAAGGCGGCTTTCTGGACTGAAACTGACGCTGAGGCTCGAAAGCGTGGGGAGCAAACAGG,Bacteria,Firmicutes,Clostridia,Lachnospirales,Lachnospiraceae,Lachnospiraceae_UCG-010,,Bacteria*Firmicutes*Clostridia*Lachnospirales*Lachnospiraceae*Lachnospiraceae_UCG-010*_,1256.3819917418045,0.00010972177513196262,0.00012548739257238665,0.8743649292790132,0.3842213139628843,0.9415793928596607,0,91,False
TACGTAGGGGGCAAGCGTTATCCGGAATTACTGGGTGTAAAGGGAGCGTAGGCGGCATGGTAAGCCAGATGTGAAAGCCTTGGGCTTAACCCGAGGATTGCATTTGGAACTATCAAGCTAGAGTACAGGAGAGGAAAGCGGAATTCCTAGTGTAGCGGTGAAATGCGTAGATATTAGGAAGAACACCAGTGGCGAAGGCGGCTTTCTGGACTGAAACTGACGCTGAGGCTCGAAAGCGTGGGGAGCAAACAGG,Bacteria,Firmicutes,Clostridia,Lachnospirales,Lachnospiraceae,Tuzzerella,,Bacteria*Firmicutes*Clostridia*Lachnospirales*Lachnospiraceae*Tuzzerella*_,1257.3770495808844,0.002818892520396787,0.002628620073302538,1.0723849174807505,0.28638288699085485,0.8917176951793676,0,91,False
TACGTAGGGGGCAAGCGTTATCCGGAATTACTGGGTGTAAAGGGAGCGTAGGCGGCATGGTAAGTAAGATGTGAAAGCCCGAGGCTTAACCTCGAGGATTGCATTTTAAACTATCAAGCTAGAGTACAGGAGAGGAAAGCGGAATTCCTAGTGTAGCGGTGAAATGCGTAGATATTAGGAAGAACACCAGTGGCGAAGGCGGCTTTCTGGACTGAAACTGACGCTGAGGCTCGAAAGCGTGGGGAGCAAACAGG,Bacteria,Firmicutes,Clostridia,Lachnospirales,Lachnospiraceae,Lachnospiraceae_UCG-010,,Bacteria*Firmicutes*Clostridia*Lachnospirales*Lachnospiraceae*Lachnospiraceae_UCG-010*_,1256.4593578127337,-2.8203387368886073e-05,8.674460652688779e-05,-0.3251313078484483,0.7458280200626768,0.9930777837826986,0,91,False
TACGTAGGGGGCAAGCGTTATCCGGAATTACTGGGTGTAAAGGGTGAGTAGGCGGCATGGCAAGTAAGATGTGAAAGCCCGAGGCTTAACCTCGGGATTGCATTTTAAACTGCTAAGCTAGAGTACAGGAGAGGAAAGCGGAATTCCTAGTGTAGCGGTGAAATGCGTAGATATTAGGAAGAACACCAGTGGCGAAGGCGGCTTTCTGGACTGGAAACTGACGCTGAGGCACGAAAGCGTGGGGAGCGAACAGG,Bacteria,Firmicutes,Clostridia,Lachnospirales,Lachnospiraceae,Lachnospiraceae_UCG-010,,Bacteria*Firmicutes*Clostridia*Lachnospirales*Lachnospiraceae*Lachnospiraceae_UCG-010*_,1257.0117851378368,-0.0002756344090091621,0.00026241580728209203,-1.0503727342646716,0.29632822854682234,0.897683688214678,0,91,False
TACGTAGGGGGCAAGCGTTATCCGGAATTACTGGGTGTAAAGGGTGCGTAGGTGGCATGGTAAGTCAGAAGTGAAAGCCCGGGGCTTAACCCCGGGACTGCTTTTGAAACTGTCATGCTGGAGTGCAGGAGAGGTAAGCGGAATTCCTAGTGTAGCGGTGAAATGCGTAGATATTAGGAGGAACACCAGTGGCGAAGGCGGCTTACTGGACTGTCACTGACACTGATGCACGAAAGCGTGGGGAGCAAACAGG,Bacteria,Firmicutes,Clostridia,Lachnospirales,Lachnospiraceae,Anaerostipes,caccae,Bacteria*Firmicutes*Clostridia*Lachnospirales*Lachnospiraceae*Anaerostipes*caccae,1256.6633118298705,-0.0001916212350137349,0.00024922953852886344,-0.7688544309186814,0.44397062746544724,0.9539541331513363,0,91,False
TACGTAGGGGGCAAGCGTTATCCGGAATTACTGGGTGTAAAGGGTGCGTAGGTGGTATGGCAAGTCAGAAGTGAAAACCCAGGGCTTAACTCTGGGACTGCTTTTGAAACTGTCAGACTAGAGTGCAGGAGAGGTAAGCGGAATTCCTAGTGTAGCGGTGAAATGCGTAGATATTAGGAGGAACATCAGTGGCGAAGGCGGCTTACTGGACTGAAACTGACACTGAGGCACGAAAGCGTGGGGAGCAAACAGG,Bacteria,Firmicutes,Clostridia,Lachnospirales,Lachnospiraceae,Anaerostipes,hadrus,Bacteria*Firmicutes*Clostridia*Lachnospirales*Lachnospiraceae*Anaerostipes*hadrus,1265.0254521754753,-0.00012358729954050607,0.0034932329933828644,-0.03537905996382552,0.9718549728997169,0.9992408261115441,0,91,False
TACGTAGGGGGCAAGCGTTATCCGGAATTACTGGGTGTAAAGGGTGCGTAGGTGGTATGGCAAGTCAGAAGTGAAAACCCAGGGCTTAACTCTGGGACTGCTTTTGAAACTGTCAGACTGGAGTGCAGGAGAGGTAAGCGGAATTCCTAGTGTAGCGGTGAAATGCGTAGATATTAGGAGGAACATCAGTGGCGAAGGCGGCTTACTGGACTGAAACTGACACTGAGGCACGAAAGCGTGGGGAGCAAACAGG,Bacteria,Firmicutes,Clostridia,Lachnospirales,Lachnospiraceae,Anaerostipes,hadrus,Bacteria*Firmicutes*Clostridia*Lachnospirales*Lachnospiraceae*Anaerostipes*hadrus,1282.229501400881,-0.002241978927654801,0.007285666704732229,-0.30772460757758485,0.7589950974221704,0.9930777837826986,0,91,False
TACGTAGGGGGCAAGCGTTATCCGGAATTATTGGGCGTAAAGAGTACGTAGGCGGTCTTTTAAGCGCAGGGTATAAGGCAAGGGCTTAACCTTTGTTGGCCCTGTGAACTGGAGGACTTGAGTATCGGAGAGGGAAGCGGAATTCCTAGTGTAGCGGTGAAATGCGTAGATATTAGGAGGAACACCAGTGGCGAAGGCGGCTTTCTGGACGAAAACTGACGCTGAGGTACGAAAGCGTGGGGAGCAAACAGG,Bacteria,Firmicutes,Clostridia,Peptostreptococcales-Tissierellales,Anaerovoracaceae,,,Bacteria*Firmicutes*Clostridia*Peptostreptococcales-Tissierellales*Anaerovoracaceae*_*_,1256.3819917418045,7.020849006205039e-05,8.18224889932477e-05,0.8580585964311629,0.39311448322444853,0.9431683284555131,0,91,False
TACGTAGGGGGCAAGCGTTATCCGGAATTATTGGGCGTAAAGAGTACGTAGGTGGTTACCTAAGCAAGGGGTTTAAGGCAATGGCTTAACTATTGTTCGCCCCTTGAACTGGGCTACTTGAGTGCAGGAGAGGAAAGCGGAATTCCTAGTGTAGCGGTGAAATGCGTAGATATTAGGAGGAACACCAGTGGCGAAGGCGGCTTTCTGGACTGTAACTGACACTGAGGTACGAAAGCGTGGGGAGCAAACAGG,Bacteria,Firmicutes,Clostridia,Peptostreptococcales-Tissierellales,Anaerovoracaceae,Family_XIII_AD3011_group,,Bacteria*Firmicutes*Clostridia*Peptostreptococcales-Tissierellales*Anaerovoracaceae*Family_XIII_AD3011_group*_,1256.4806375614273,-5.891760571424126e-05,7.054976649392717e-05,-0.8351212008520653,0.40583667986266914,0.9539541331513363,0,91,False
TACGTAGGGGGCAAGCGTTATCCGGAATTATTGGGCGTAAAGAGTACGTAGGTGGTTACCTAAGCACGAGGTATAAGGCAATGGCTCAACCATTGTTCGCCTTGTGAACTGGGCTACTTGAGTGCAGGAGAGGAAAGCGGAATTCCTAGTGTAGCGGTGAAATGCGTAGATATTAGGAGGAACACCAGTGGCGAAGGCGGCTTTCTGGACTGTAACTGACACTGAGGTACGAAAGCGTGGGGAGCAAACAGG,Bacteria,Firmicutes,Clostridia,Peptostreptococcales-Tissierellales,Anaerovoracaceae,Family_XIII_AD3011_group,,Bacteria*Firmicutes*Clostridia*Peptostreptococcales-Tissierellales*Anaerovoracaceae*Family_XIII_AD3011_group*_,1256.3819917418045,4.965614887530415e-05,8.38863371520917e-05,0.5919456083208655,0.5553548572406537,0.9539541331513363,0,91,False
TACGTAGGGGGCAAGCGTTATCCGGAATTATTGGGCGTAAAGAGTACGTAGGTGGTTTCCTAAGCACAGGGTTTAAGGCTAAGGCTCAACCATAGTTCGCCCTGTGAACTGGGAGACTTGAGTGCAGGAGAGGAAAGCGGAATTCCTAGTGTAGCGGTGAAATGCGTAGATATTAGGAGGAACACCAGTGGCGAAGGCGGCTTTCTGGACTGTAACTGACACTGAGGTACGAAAGCGTGGGGAGCAAACAGG,Bacteria,Firmicutes,Clostridia,Peptostreptococcales-Tissierellales,Anaerovoracaceae,Family_XIII_AD3011_group,,Bacteria*Firmicutes*Clostridia*Peptostreptococcales-Tissierellales*Anaerovoracaceae*Family_XIII_AD3011_group*_,1256.62832673961,-7.413193816728871e-05,0.00020065877216997037,-0.3694427976689421,0.7126560027394507,0.9875198362567608,0,91,False
TACGTAGGGGGCAAGCGTTATCCGGAATTATTGGGCGTAAAGAGTACGTAGGTGGTTTTCTAAGCACGGGGTTTAAGGCAATGGCTTAACCATTGTTCGCCTTGTGAACTGGAAGACTTGAGTGCAGGAGAGGAAAGCGGAATTCCTAGTGTAGCGGTGAAATGCGTAGATATTAGGAGGAACACCAGTGGCGAAGGCGGCTTTCTGGACTGTAACTGACACTGAGGTACGAAAGCGTGGGGAGCAAACAGG,Bacteria,Firmicutes,Clostridia,Peptostreptococcales-Tissierellales,Anaerovoracaceae,Family_XIII_AD3011_group,,Bacteria*Firmicutes*Clostridia*Peptostreptococcales-Tissierellales*Anaerovoracaceae*Family_XIII_AD3011_group*_,1257.209425968101,-0.0003130451254543729,0.0001976436349716359,-1.5838867034564426,0.1166888118142596,0.8826670779283483,0,91,False
TACGTAGGGGGCAAGCGTTATCCGGAATTATTGGGCGTAAAGAGTGCGTAGGTGGCACCTTAAGCGCAGGGTTTAAGGCAATGGCTCAACCATTGTTCGCCCTGCGAACTGGGGCGCTTGAGTGCAGGAGAGGAAAGCGGAATTCCTAGTGTAGCGGTGAAATGCGTAGATATTAGGAGGAACACCAGTGGCGAAGGCGGCTTTCTGGACTGTAACTGACACTGAGGCACGAAAGCGTGGGGAGCAAACAGG,Bacteria,Firmicutes,Clostridia,Peptostreptococcales-Tissierellales,Anaerovoracaceae,,,Bacteria*Firmicutes*Clostridia*Peptostreptococcales-Tissierellales*Anaerovoracaceae*_*_,1256.3819917418045,-2.8897154008775816e-06,4.549242526204104e-05,-0.06352080339160913,0.9494911162568171,0.9930777837826986,0,91,False
TACGTAGGGGGCAAGCGTTATCCGGAATTATTGGGCGTAAAGAGTGCGTAGGTGGTTACCTAAGCAGGGGGTGAAAGGCACTGGCTTAACCAATGTCAGCCCCCTGAACTGGGTACCTTGAGTGCAGGAGAGGAAAGCGGAATTCCTAGTGTAGCGGTGAAATGCGTAGATATTAGGAGGAACACCAGTGGCGAAGGCGGCTTTCTGGACTGTTACTGACACTGAGGCACGAAAGTGTGGGGAGCAAACAGG,Bacteria,Firmicutes,Clostridia,Peptostreptococcales-Tissierellales,Anaerovoracaceae,Family_XIII_AD3011_group,,Bacteria*Firmicutes*Clostridia*Peptostreptococcales-Tissierellales*Anaerovoracaceae*Family_XIII_AD3011_group*_,1257.5578410902629,3.3343332702085766e-05,0.0005088350205668744,0.06552876935423821,0.9478967457693632,0.9930777837826986,0,91,False
TACGTAGGGGGCAAGCGTTATCCGGAATTATTGGGCGTAAAGAGTGCGTAGGTGGTTACCTAAGCGCAGGGTATAAGGCAATGGCTCAACCATTGTTCGCCCTGCGAACTGGGCTACTTGAGTGCAGGAGAGGAAAGCGGAATTCCTAGTGTAGCGGTGAAATGCGTAGATATTAGGAGGAACACCAGTGGCGAAGGCGGCTTTCTGGACTGTAACTGACACTGAGGCACGAAAGCGTGGGGAGCAAACAGG,Bacteria,Firmicutes,Clostridia,Peptostreptococcales-Tissierellales,Anaerovoracaceae,,,Bacteria*Firmicutes*Clostridia*Peptostreptococcales-Tissierellales*Anaerovoracaceae*_*_,1256.4550361242061,0.00010388469499879316,0.00013932771430580495,0.7456140044814107,0.4578222504876379,0.9539541331513363,0,91,False
TACGTAGGGGGCAAGCGTTATCCGGAATTATTGGGCGTAAAGAGTGCGTAGGTGGTTACCTAAGCGCGGGGTGAAAGGCAATGGCTTAACCATTGTTAGCCCTGCGAACTGGGCTACTTGAGTGCAGGAGAGGAAAGCGGAATTCCTAGTGTAGCGGTGAAATGCGTAGATATTAGGAGGAACACCAGTGGCGAAGGCGGCTTTCTGGACTGTAACTGACACTGAGGCACGAAAGTGTGGGGAGCAAACAGG,Bacteria,Firmicutes,Clostridia,Peptostreptococcales-Tissierellales,Anaerovoracaceae,Family_XIII_AD3011_group,,Bacteria*Firmicutes*Clostridia*Peptostreptococcales-Tissierellales*Anaerovoracaceae*Family_XIII_AD3011_group*_,1256.469984070365,-9.160945873382687e-05,6.637287856741911e-05,-1.380224283037135,0.17089891316489067,0.8826670779283483,0,91,False
TACGTAGGGGGCAAGCGTTATCCGGAATTATTGGGCGTAAAGAGTGCGTAGGTGGTTATCTAAGCGTAAGGTTTAAGCGTGCAGCTCAACTGCATCTCGCCTTGCGAACTGGACTACTTGAGTGCAGGAGGGGAAAGCGGAATTCCTAGTGTAGCGGTGAAATGCGTAGATATTAGGAGGAACACCAGCGGCGAAGGCGGCTTTCTGGACTGTAACTGACACTGAGGCACGAAAGCGTGGGGAGCAAACAGG,Bacteria,Firmicutes,Clostridia,Peptostreptococcales-Tissierellales,Anaerovoracaceae,Mogibacterium,,Bacteria*Firmicutes*Clostridia*Peptostreptococcales-Tissierellales*Anaerovoracaceae*Mogibacterium*_,1257.3284324347792,-0.0004704448521822024,0.00045959205199367286,-1.0236139857977329,0.3087310799023922,0.9112731503438639,0,91,False
TACGTAGGGGGCAAGCGTTATCCGGAATTATTGGGCGTAAAGGGTACGTAGGTGGTTTCTTAAGCGCAGGGTATAAGGCAATGGCTTAACCATTGTTCGCCTTGCGAACTGGGGGACTTGAGTGCAGGAGAGGAAAGCGGAATTCCTAGTGTAGCGGTGAAATGCGTAGATATTAGGAGGAACACCAGTGGCGAAGGCGGCTTTCTGGACTGTAACTGACACTGAGGTACGAAAGCGTGGGGAGCAAACAGG,Bacteria,Firmicutes,Clostridia,Peptostreptococcales-Tissierellales,Anaerovoracaceae,,,Bacteria*Firmicutes*Clostridia*Peptostreptococcales-Tissierellales*Anaerovoracaceae*_*_,1256.3819917418045,6.985711491828422e-05,9.445976582401112e-05,0.739543596248541,0.4614805057737832,0.9539541331513363,0,91,False
TACGTAGGGGGCAAGCGTTATCCGGATTTACTGGGTGTAAAGGGAGCGCAGACGGCACTGCAAGTCTGAAGTGAAAGCCCGGGGCTCAACCCCGGGACTGCTTTGGAAACTGTAGAGCTAGAGTGCTGGAGAGGCAAGCGGAATTCCTAGTGTAGCGGTGAAATGCGTAGATATTAGGAAGAACACCAGTGGCGAAGGCGGCTTGCTGGACAGTAACTGACGTTCAGGCTCGAAAGCGTGGGGAGCAAACAGG,Bacteria,Firmicutes,Clostridia,Lachnospirales,Lachnospiraceae,Lachnoclostridium,,Bacteria*Firmicutes*Clostridia*Lachnospirales*Lachnospiraceae*Lachnoclostridium*_,1262.155608772068,0.006313406344832433,0.003412723958147499,1.8499610347212165,0.06756452666067873,0.8826670779283483,0,91,False
TACGTAGGGGGCAAGCGTTATCCGGATTTACTGGGTGTAAAGGGAGCGCAGACGGCACTGCAAGTCTGAAGTGAAAGCCCGGGGCTCAACCCCGGGACTGCTTTGGAAACTGTAGGGCTAGAGTGCTGGAGAGGCAAGCGGAATTCCTAGTGTAGCGGTGAAATGCGTAGATATTAGGAAGAACACCAGTGGCGAAGGCGGCTTGCTGGACAGTAACTGACGTTCAGGCTCGAAAGCGTGGGGAGCAAACAGG,Bacteria,Firmicutes,Clostridia,Lachnospirales,Lachnospiraceae,Lachnoclostridium,,Bacteria*Firmicutes*Clostridia*Lachnospirales*Lachnospiraceae*Lachnoclostridium*_,1256.7006617902443,-0.0003687700022124232,0.0002315392746463108,-1.592688768571725,0.1146978495835787,0.8826670779283483,0,91,False
TACGTAGGGGGCAAGCGTTATCCGGATTTACTGGGTGTAAAGGGAGCGCAGACGGCGATGCAAGTCTGGAGTGAAAGCCCGGGGCTCAACCCCGGGACTGCTTTGGAAACTGTATGGCTAGAGTGCTGGAGAGGCAAGCGGAATTCCTAGTGTAGCGGTGAAATGCGTAGATATTAGGAAGAACACCAGTGGCGAAGGCGGCTTGCTGGACAGTAACTGACGTTCAGGCTCGAAAGCGTGGGGAGCAAACAGG,Bacteria,Firmicutes,Clostridia,Lachnospirales,Lachnospiraceae,Lachnoclostridium,,Bacteria*Firmicutes*Clostridia*Lachnospirales*Lachnospiraceae*Lachnoclostridium*_,1258.0228037603345,0.002481837235490001,0.0015525100741245925,1.5985965417257755,0.11337685977851303,0.8826670779283483,0,91,False
TACGTAGGGGGCAAGCGTTATCCGGATTTACTGGGTGTAAAGGGAGCGCAGGCGGCATGATAAGTCTGATGTGAAAACCCAAGGCTCAACCATGGGACTGCATTGGAAACTGTCGTGCTAGAGTGTCGGAGAGGTAAGCGGAATTCCTAGTGTAGCGGTGAAATGCGTAGATATTAGGAGGAACACCAGTGGCGAAGGCGGCTTACTGGACGATGACTGACGCTGAGGCTCGAAAGCGTGGGGAGCAAACAGG,Bacteria,Firmicutes,Clostridia,Lachnospirales,Lachnospiraceae,Roseburia,,Bacteria*Firmicutes*Clostridia*Lachnospirales*Lachnospiraceae*Roseburia*_,1256.5809494385842,-0.00018716019849787478,0.0001813897102175969,-1.0318126550472766,0.30489439946734315,0.9033065417054867,0,91,False
TACGTAGGGGGCAAGCGTTATCCGGATTTACTGGGTGTAAAGGGAGCGCAGGCGGCATGATAAGTCTGATGTGAAAACCCAAGGCTCAACCATGGGACTGCATTGGAAACTGTCGTGCTGGAGTGTCGGAGAGGTAAGCGGAATTCCTAGTGTAGCGGTGAAATGCGTAGATATTAGGAGGAACACCAGTGGCGAAGGCGGCTTACTGGACGATGACTGACGCTGAGGCTCGAAAGCGTGGGGAGCAAACAGG,Bacteria,Firmicutes,Clostridia,Lachnospirales,Lachnospiraceae,Roseburia,,Bacteria*Firmicutes*Clostridia*Lachnospirales*Lachnospiraceae*Roseburia*_,1258.5651079961906,0.0015416504356406387,0.0014557927301568612,1.0589765999686827,0.2924132840071775,0.897683688214678,0,91,False
TACGTAGGGGGCAAGCGTTATCCGGATTTACTGGGTGTAAAGGGAGCGCAGGCGGTCTGGCAAGTCTGATGTGAAATCCCGGGGCTCAACCCTGGAACTGCATTGGAAACTGTCAGACTAGAGTGCCGGAGAGGTAAGTGGAATTCCTAGTGTAGCGGTGAAATGCGTAGATATTAGGAGGAACACCAGTGGCGAAGGCGGCTTACTGGACGGTAACTGACGCTGAGGCTCGAAAGCGTGGGGAGCAAACAGG,Bacteria,Firmicutes,Clostridia,Lachnospirales,Lachnospiraceae,Lachnospiraceae_UCG-001,,Bacteria*Firmicutes*Clostridia*Lachnospirales*Lachnospiraceae*Lachnospiraceae_UCG-001*_,1256.3819917418045,-2.8897154008775816e-06,4.549242526204104e-05,-0.06352080339160913,0.9494911162568171,0.9930777837826986,0,91,False
TACGTAGGGGGCAAGCGTTATCCGGATTTACTGGGTGTAAAGGGAGCGCAGGCGGTCTGGCAAGTCTGATGTGAAATCCCGGGGCTCAACTCCGGAATTGCATTGGAAACTGTCAGACTAGAGTGCCGGAGAGGTAAGTGGAATTCCTAGTGTAGCGGTGAAATGCGTAGATATTAGGAGGAACACCAGTGGCGAAGGCGGCTTACTGGACGGTAACTGACGCTGAGGCTCGAAAGCGTGGGGAGCAAACAGG,Bacteria,Firmicutes,Clostridia,Lachnospirales,Lachnospiraceae,Lachnospiraceae_UCG-001,,Bacteria*Firmicutes*Clostridia*Lachnospirales*Lachnospiraceae*Lachnospiraceae_UCG-001*_,1256.8769756596444,0.0020552610044968665,0.0017033073160613683,1.2066295876949182,0.23070226721186252,0.8853818901235723,0,91,False
TACGTAGGGGGCAAGCGTTATCCGGATTTACTGGGTGTAAAGGGAGCGCAGGCGGTGCGGCAAGTCAGATGTGAAAACCCGGGGCTCAACCCCGGGACTGCATTTGAAACTGTCGGACTAGAGTGCCGGAGAGGTAAGTGGAATTCCTAGTGTAGCGGTGAAATGCGTAGATATTAGGAGGAACACCAGTGGCGAAGGCGGCTTACTGGACGGTAACTGACGCTGAGGCTCGAAAGCGTGGGGAGCAAACAGG,Bacteria,Firmicutes,Clostridia,Lachnospirales,Lachnospiraceae,Lachnospiraceae_UCG-001,,Bacteria*Firmicutes*Clostridia*Lachnospirales*Lachnospiraceae*Lachnospiraceae_UCG-001*_,1258.9008101166303,-0.001178687931900894,0.0009417684521659437,-1.251568715420512,0.2139347830894202,0.8826670779283483,0,91,False
TACGTAGGGGGCAAGCGTTATCCGGATTTACTGGGTGTAAAGGGAGCGCAGGCGGTGCGGCAAGTCTGATGTGAAAGCCCGGGGCTCAACCCCGGGACTGCATTGGAAACTGTCGTACTTGAGTATCGGAGAGGTAAGTGGAATTCCTAGTGTAGCGGTGAAATGCGTAGATATTAGGAGGAACACCAGTGGCGAAGGCGGCTTACTGGACGATAACTGACGCTGAGGCTCGAAAGCGTGGGGAGCAAACAGG,Bacteria,Firmicutes,Clostridia,Lachnospirales,Lachnospiraceae,Roseburia,,Bacteria*Firmicutes*Clostridia*Lachnospirales*Lachnospiraceae*Roseburia*_,1272.0011323220365,-0.012324145163834543,0.005329597802474726,-2.312396848803862,0.023011470637553596,0.75962931211253,0,91,False
TACGTAGGGGGCAAGCGTTATCCGGATTTACTGGGTGTAAAGGGAGCGTAGACGGAACAGCAAGTCTGATGTGAAAACCCGGGGCTCAACCCCGGGACTGCATTGGAAACTGTTGATCTAGAGTGTCGGAGAGGTAAGTGGAATTCCTAGTGTAGCGGTGAAATGCGTAGATATTAGGAGGAACACCAGTGGCGAAGGCGGCTTACTGGACGATGACTGACGTTGAGGCTCGAAAGCGTGGGGAGCAAACAGG,Bacteria,Firmicutes,Clostridia,Lachnospirales,Lachnospiraceae,,,Bacteria*Firmicutes*Clostridia*Lachnospirales*Lachnospiraceae*_*_,1256.559681746053,3.137751110044907e-05,0.00012188620946208338,0.25743282393411415,0.7974258922170365,0.9930777837826986,0,91,False
TACGTAGGGGGCAAGCGTTATCCGGATTTACTGGGTGTAAAGGGAGCGTAGACGGAAGAGCAAGTCTGATGTGAAAGGCTGGGGCTTAACCCCAGGACTGCATTGGAAACTGTTTTTCTAGAGTGCCGGAGAGGTAAGCGGAATTCCTAGTGTAGCGGTGAAATGCGTAGATATTAGGAGGAACACCAGTGGCGAAGGCGGCTTACTGGACGGTAACTGACGTTGAGGCTCGAAAGCGTGGGGAGCAAACAGG,Bacteria,Firmicutes,Clostridia,Lachnospirales,Lachnospiraceae,Blautia,,Bacteria*Firmicutes*Clostridia*Lachnospirales*Lachnospiraceae*Blautia*_,1257.2350634183808,0.0013369122834819593,0.001406132864523347,0.9507723752229827,0.34423834162164724,0.9191142356560728,0,91,False
TACGTAGGGGGCAAGCGTTATCCGGATTTACTGGGTGTAAAGGGAGCGTAGACGGAAGAGCAAGTCTGATGTGAAAGGCTGGGGCTTAACCCCAGGACTGCATTGGAAACTGTTTTTCTTGAGTGCCGGAGAGGTAAGCGGAATTCCTAGTGTAGCGGTGAAATGCGTAGATATTAGGAGGAACACCAGTGGCGAAGGCGGCTTACTGGACGGTAACTGACGTTGAGGCTCGAAAGCGTGGGGAGCAAACAGG,Bacteria,Firmicutes,Clostridia,Lachnospirales,Lachnospiraceae,Blautia,stercoris,Bacteria*Firmicutes*Clostridia*Lachnospirales*Lachnospiraceae*Blautia*stercoris,1257.9010516862554,0.0026968924633438735,0.002573805705241518,1.047822863183375,0.29749529282193116,0.897683688214678,0,91,False
TACGTAGGGGGCAAGCGTTATCCGGATTTACTGGGTGTAAAGGGAGCGTAGACGGAAGTGCAAGTCAGAAGTGAAAGCCCGGGGCTTAACCCCGGGACTGCTTTTGAAACTGTGCATCTAGAGTGCAGGAGAGGTAAGCGGAATTCCTAGTGTAGCGGTGAAATGCGTAGATATTAGGAGGAACACCGGTGGCGAAGGCGGCTTACTGGACTGTAACTGACGTTGAGGCTCGAAAGCGTGGGGAGCAAACAGG,Bacteria,Firmicutes,Clostridia,Lachnospirales,Lachnospiraceae,,,Bacteria*Firmicutes*Clostridia*Lachnospirales*Lachnospiraceae*_*_,1260.0961737894338,-0.0033497889696649614,0.0016454463048579217,-2.0357935471824486,0.04467871764874716,0.8826670779283483,0,91,False
TACGTAGGGGGCAAGCGTTATCCGGATTTACTGGGTGTAAAGGGAGCGTAGACGGAAGTGCAAGTCTGAAGTGAAAGCCCGGGGCTCAACCCCGGGACTGCTTTGGAAACTGTATTTCTAGAGTGCTGGAGAGGTAAGTGGAATTCCTAGTGTAGCGGTGAAATGCGTAGATATTAGGAGGAACACCAGTGGCGAAGGCGGCTTACTGGACAGTGACTGACGTTGAGGCTCGAAAGCGTGGGGAGCAAACAGG,Bacteria,Firmicutes,Clostridia,Lachnospirales,Lachnospiraceae,Lachnoclostridium,,Bacteria*Firmicutes*Clostridia*Lachnospirales*Lachnospiraceae*Lachnoclostridium*_,1256.578857426662,0.00031990437763803383,0.0006081075162056108,0.5260654886065724,0.600122455029715,0.9598764883716622,0,91,False
TACGTAGGGGGCAAGCGTTATCCGGATTTACTGGGTGTAAAGGGAGCGTAGACGGAAGTGCAAGTCTGAAGTGAAAGCCCGGGGCTCAACCCCGTGACTGCTTTGGAAACTGTGCTTCTAGAGTGTCGGAGAGGTAAGCGGAATTCCTAGTGTAGCGGTGAAATGCGTAGATATTAGGAGGAACATCAGTGGCGAAGGCGGCTTACTGGACGATAACTGACGTTGAGGCTCGAAAGCGTGGGGAGCAAACAGG,Bacteria,Firmicutes,Clostridia,Lachnospirales,Lachnospiraceae,Lachnoclostridium,,Bacteria*Firmicutes*Clostridia*Lachnospirales*Lachnospiraceae*Lachnoclostridium*_,1256.3819917418045,-2.8897154008775816e-06,4.549242526204104e-05,-0.06352080339160913,0.9494911162568171,0.9930777837826986,0,91,False
TACGTAGGGGGCAAGCGTTATCCGGATTTACTGGGTGTAAAGGGAGCGTAGACGGAATGGCAAGTCTGATGTGAAAGGCAGGGGCTCAACCCCTGGACTGCATTGGAAACTGTCAGTCTTGAGTACCGGAGGGGTAAGCGGAATTCCTAGTGTAGCGGTGAAATGCGTAGATATTAGGAGGAACACCAGTGGCGAAGGCGGCTTACTGGACGGTAACTGACGTTGAGGCTCGAAAGCGTGGGGAGCAAACAGG,Bacteria,Firmicutes,Clostridia,Lachnospirales,Lachnospiraceae,Blautia,,Bacteria*Firmicutes*Clostridia*Lachnospirales*Lachnospiraceae*Blautia*_,1256.3819917418045,-2.8897154008775816e-06,4.549242526204104e-05,-0.06352080339160913,0.9494911162568171,0.9930777837826986,0,91,False
TACGTAGGGGGCAAGCGTTATCCGGATTTACTGGGTGTAAAGGGAGCGTAGACGGAATGGCAAGTCTGATGTGAAAGGCCGGGGCTCAACCCCGGGACTGCATTGGAAACTGCCAATCTAGAGTACCGGAGGGGTAAGTGGAATTCCTAGTGTAGCGGTGAAATGCGTAGATATTAGGAGGAACACCAGTGGCGAAGGCGGCTTACTGGACGGTAACTGACGTTGAGGCTCGAAAGCGTGGGGAGCAAACAGG,Bacteria,Firmicutes,Clostridia,Lachnospirales,Lachnospiraceae,,,Bacteria*Firmicutes*Clostridia*Lachnospirales*Lachnospiraceae*_*_,1258.333647743481,-0.0013686030037410638,0.0010571226739791491,-1.2946491806759395,0.19871672450207983,0.8826670779283483,0,91,False
TACGTAGGGGGCAAGCGTTATCCGGATTTACTGGGTGTAAAGGGAGCGTAGACGGAATGGCAAGTCTGATGTGAAAGGCCGGGGCTCAACCCCGGGACTGCATTGGAAACTGTCAATCTAGAGTACCGGAGGGGTAAGTGGAATTCCTAGTGTAGCGGTGAAATGCGTAGATATTAGGAGGAACACCAGTGGCGAAGGCGGCTTACTGGACGGTAACTGACGTTGAGGCTCGAAAGCGTGGGGAGCAAACAGG,Bacteria,Firmicutes,Clostridia,Lachnospirales,Lachnospiraceae,,,Bacteria*Firmicutes*Clostridia*Lachnospirales*Lachnospiraceae*_*_,1262.1204219200254,-0.0016742385608507916,0.0015331168488481063,-1.092048895104581,0.2776944021179356,0.8853818901235723,0,91,False
TACGTAGGGGGCAAGCGTTATCCGGATTTACTGGGTGTAAAGGGAGCGTAGACGGACGGGCAAGTCTGAAGTGAAAGGCAGGGGCTCAACCCCTGGACTGCTTTGGAAACTGTCCATCTAGAGTGCCGGAGAGGTAAGCGGAATTCCTAGTGTAGCGGTGAAATGCGTAGATATTAGGAGGAACACCAGTGGCGAAGGCGGCTTACTGGACGGTAACTGACGTTGAGGCTCGAAAGCGTGGGGAGCAAACAGG,Bacteria,Firmicutes,Clostridia,Lachnospirales,Lachnospiraceae,Blautia,,Bacteria*Firmicutes*Clostridia*Lachnospirales*Lachnospiraceae*Blautia*_,1256.60825326016,0.0003828015129939913,0.0004980766880534008,0.7685593848812086,0.44414494116939474,0.9539541331513363,0,91,False
TACGTAGGGGGCAAGCGTTATCCGGATTTACTGGGTGTAAAGGGAGCGTAGACGGACGGGCAAGTCTGATGTGAAAGCCCGGGGCTTAACCCCGGGACTGCATTGGAAACTGTCCATCTTGAGTGCCGGAGAGGTAAGCGGAATTCCTAGTGTAGCGGTGAAATGCGTAGATATTAGGAGGAACACCAGTGGCGAAGGCGGCTTACTGGACGGTAACTGACGTTGAGGCTCGAAAGCGTGGGGAGCAAACAGG,Bacteria,Firmicutes,Clostridia,Lachnospirales,Lachnospiraceae,Blautia,,Bacteria*Firmicutes*Clostridia*Lachnospirales*Lachnospiraceae*Blautia*_,1257.2330003331285,-0.0004763249493114133,0.0008665980500064316,-0.5496492281604813,0.5839064341455282,0.9539541331513363,0,91,False
TACGTAGGGGGCAAGCGTTATCCGGATTTACTGGGTGTAAAGGGAGCGTAGACGGACTGGCAAGTCTGATGTGAAAACCCGGGGCTCAACCCCGGGACTGCATTGGAAACTGTCAGTCTAGAGTGTCGGAGGGGTAAGTGGAATTCCTAGTGTAGCGGTGAAATGCGTAGATATTAGGAGGAACACCAGTGGCGAAGGCGGCTTACTGGACGATAACTGACGTTGAGGCTCGAAAGCGTGGGGAGCAAACAGG,Bacteria,Firmicutes,Clostridia,Lachnospirales,Lachnospiraceae,,,Bacteria*Firmicutes*Clostridia*Lachnospirales*Lachnospiraceae*_*_,1256.4370406236187,0.0002870571652680039,0.0002463463720881766,1.1652583426934144,0.2469598094633279,0.8853818901235723,0,91,False
TACGTAGGGGGCAAGCGTTATCCGGATTTACTGGGTGTAAAGGGAGCGTAGACGGACTGGCAAGTCTGATGTGAAAGGCGGGGGCTCAACCCCTGGACTGCATTGGAAACTGTTAGTCTTGAGTGCCGGAGAGGTAAGCGGAATTCCTAGTGTAGCGGTGAAATGCGTAGATATTAGGAGGAACACCAGTGGCGAAGGCGGCTTACTGGACGGTAACTGACGTTGAGGCTCGAAAGCGTGGGGAGCAAACAGG,Bacteria,Firmicutes,Clostridia,Lachnospirales,Lachnospiraceae,Blautia,obeum,Bacteria*Firmicutes*Clostridia*Lachnospirales*Lachnospiraceae*Blautia*obeum,1271.5843154707923,-0.0033317193626225938,0.003716988416830072,-0.8963491377957955,0.3724314139180984,0.9406534746503771,0,91,False
TACGTAGGGGGCAAGCGTTATCCGGATTTACTGGGTGTAAAGGGAGCGTAGACGGAGAGGCAAGTCTGATGTGAAAACCCGGGGCTCAACCCCGGGACTGCATTGGAAACTGTTTTTCTAGAGTGTCGGAGAGGTAAGCGGAATTCCTAGTGTAGCGGTGAAATGCGTAGATATTAGGAGGAACACCAGTGGCGAAGGCGGCTTACTGGACGATGACTGACGTTGAGGCTCGAAAGCGTGGGGAGCAAACAGG,Bacteria,Firmicutes,Clostridia,Lachnospirales,Lachnospiraceae,,,Bacteria*Firmicutes*Clostridia*Lachnospirales*Lachnospiraceae*_*_,1256.5910667160413,-9.740696701806244e-05,0.0001859848982393582,-0.523735894366552,0.601735448241471,0.9598764883716622,0,91,False
TACGTAGGGGGCAAGCGTTATCCGGATTTACTGGGTGTAAAGGGAGCGTAGACGGAGCAGCAAGTCTGATGTGAAAACCCGGGGCTCAACCCAGGGACTGCATTGGAAACTGTTGATCTGGAGTGCCGGAGAGGTAAGCGGAATTCCTAGTGTAGCGGTGAAATGCGTAGATATTAGGAGGAACACCAGTGGCGAAGGCGGCTTACTGGACGGTAACTGACGTTGAGGCTCGAAAGCGTGGGGAGCAAACAGG,Bacteria,Firmicutes,Clostridia,Lachnospirales,Lachnospiraceae,,,Bacteria*Firmicutes*Clostridia*Lachnospirales*Lachnospiraceae*_*_,1256.5798219150738,-0.00023003889765433588,0.00016826302975556199,-1.3671386874972866,0.1749495195302312,0.8826670779283483,0,91,False
TACGTAGGGGGCAAGCGTTATCCGGATTTACTGGGTGTAAAGGGAGCGTAGACGGAGCAGCAAGTCTGATGTGAAAACCCGGGGCTCAACCCCGGGACTGCATTGGAAACTGTTGATCTGGAGTGCCGGAGAGGTAAGCGGAATTCCTAGTGTAGCGGTGAAATGCGTAGATATTAGGAGGAACACCAGTGGCGAAGGCGGCTTACTGGACGGTAACTGACGTTGAGGCTCGAAAGCGTGGGGAGCAAACAGG,Bacteria,Firmicutes,Clostridia,Lachnospirales,Lachnospiraceae,Blautia,,Bacteria*Firmicutes*Clostridia*Lachnospirales*Lachnospiraceae*Blautia*_,1259.3595330289013,0.000515708977095702,0.0015065062486580147,0.34232116697497406,0.7328985920786713,0.9896623845416072,0,91,False
TACGTAGGGGGCAAGCGTTATCCGGATTTACTGGGTGTAAAGGGAGCGTAGACGGAGCAGCAAGTCTGATGTGAAAGGCAGGGGCTCAACCCCTGGACTGCATTGGAAACTGTTGATCTTGAGTACCGGAGAGGTAAGCGGAATTCCTAGTGTAGCGGTGAAATGCGTAGATATTAGGAGGAACACCAGTGGCGAAGGCGGCTTACTGGACGGTAACTGACGTTGAGGCTCGAAAGCGTGGGGAGCAAACAGG,Bacteria,Firmicutes,Clostridia,Lachnospirales,Lachnospiraceae,Blautia,glucerasea,Bacteria*Firmicutes*Clostridia*Lachnospirales*Lachnospiraceae*Blautia*glucerasea,1256.5892627490634,0.0008004306642751748,0.0011014104035336118,0.7267324348010373,0.4692552104560095,0.9539541331513363,0,91,False
TACGTAGGGGGCAAGCGTTATCCGGATTTACTGGGTGTAAAGGGAGCGTAGACGGAGCAGCAAGTCTGATGTGAAAGGCAGGGGCTCAACCCCTGGACTGCATTGGAAACTGTTGATCTTGAGTACCGGAGGGGTAAGCGGAATTCCTAGTGTAGCGGTGAAATGCGTAGATATTAGGAGGAACACCAGTGGCGAAGGCGGCTTACTGGACGGTAACTGACGTTGAGGCTCGAAAGCGTGGGGAGCAAACAGG,Bacteria,Firmicutes,Clostridia,Lachnospirales,Lachnospiraceae,Blautia,glucerasea,Bacteria*Firmicutes*Clostridia*Lachnospirales*Lachnospiraceae*Blautia*glucerasea,1256.3819917418045,0.0008480948596490219,0.00113590097660164,0.7466274588356555,0.4572131204448784,0.9539541331513363,0,91,False
TACGTAGGGGGCAAGCGTTATCCGGATTTACTGGGTGTAAAGGGAGCGTAGACGGAGCAGCAAGTCTGATGTGAAAGGCGGGGGCTCAACCCCCGGACTGCATTGGAAACTGTTGATCTTGAGTACCGGAGAGGTAAGCGGAATTCCTAGTGTAGCGGTGAAATGCGTAGATATTAGGAGGAACACCAGTGGCGAAGGCGGCTTACTGGACGGTAACTGACGTTGAGGCTCGAAAGCGTGGGGAGCAAACAGG,Bacteria,Firmicutes,Clostridia,Lachnospirales,Lachnospiraceae,Blautia,caecimuris,Bacteria*Firmicutes*Clostridia*Lachnospirales*Lachnospiraceae*Blautia*caecimuris,1257.1604329074419,0.00279563241002983,0.0018654291832407284,1.4986537334926326,0.1374245988402109,0.8826670779283483,0,91,False
TACGTAGGGGGCAAGCGTTATCCGGATTTACTGGGTGTAAAGGGAGCGTAGACGGAGCAGCAAGTCTGATGTGAAAGGCGGGGGCTCAACCCCTGGACTGCATTGGAAACTGTTGGTCTTGAGTACCGGAGAGGTAAGCGGAATTCCTAGTGTAGCGGTGAAATGCGTAGATATTAGGAGGAACACCAGTGGCGAAGGCGGCTTACTGGACGGTAACTGACGTTGAGGCTCGAAAGCGTGGGGAGCAAACAGG,Bacteria,Firmicutes,Clostridia,Lachnospirales,Lachnospiraceae,Blautia,,Bacteria*Firmicutes*Clostridia*Lachnospirales*Lachnospiraceae*Blautia*_,1256.3819917418045,0.0004631684143445262,0.0005982956132658683,0.7741464320894247,0.4408508542219457,0.9539541331513363,0,91,False
TACGTAGGGGGCAAGCGTTATCCGGATTTACTGGGTGTAAAGGGAGCGTAGACGGATGGACAAGTCTGATGTGAAAGGCTGGGGCTCAACCCCGGGACTGCATTGGAAACTGCCCGTCTTGAGTGCCGGAGAGGTAAGCGGAATTCCTAGTGTAGCGGTGAAATGCGTAGATATTAGGAGGAACACCAGTGGCGAAGGCGGCTTACTGGACGGTAACTGACGTTGAGGCTCGAAAGCGTGGGGAGCAAACAGG,Bacteria,Firmicutes,Clostridia,Lachnospirales,Lachnospiraceae,Blautia,massiliensis,Bacteria*Firmicutes*Clostridia*Lachnospirales*Lachnospiraceae*Blautia*massiliensis,1290.8298980521342,-0.00379174123837254,0.008304256677467356,-0.4566021241444756,0.6490450493348887,0.9685280873155366,0,91,False
TACGTAGGGGGCAAGCGTTATCCGGATTTACTGGGTGTAAAGGGAGCGTAGACGGATGTGCAAGTCTGAAGTGAAAGCCCGGGGCTCAACCCCGGGACTGCTTTGGAAACTGTGTATCTAGAGTGCCGGAGAGGTAAGCGGAATTCCCAGTGTAGCGGTGAAATGCGTAGATATTGGGAGGAACACCAGTGGCGAAGGCGGCTTACTGGACGGTAACTGACGTTGAGGCTCGAAAGCGTGGGGAGCAAACAGG,Bacteria,Firmicutes,Clostridia,Lachnospirales,Lachnospiraceae,,,Bacteria*Firmicutes*Clostridia*Lachnospirales*Lachnospiraceae*_*_,1256.3819917418045,-2.8897154008775816e-06,4.549242526204104e-05,-0.06352080339160913,0.9494911162568171,0.9930777837826986,0,91,False
TACGTAGGGGGCAAGCGTTATCCGGATTTACTGGGTGTAAAGGGAGCGTAGACGGATTAGCAAGTCTGATGTGAAAGGCAGGGGCTCAACCCCTGGACTGCATTGGAAACTGCCAGTCTTGAGTGCCGGAGAGGTAAGCGGAATTCCTAGTGTAGCGGTGAAATGCGTAGATATTAGGAGGAACACCAGTGGCGAAGGCGGCTTACTGGACGGCAACTGACGTTGAGGCTCGAAAGCGTGGGGAGCAAACAGG,Bacteria,Firmicutes,Clostridia,Lachnospirales,Lachnospiraceae,Blautia,,Bacteria*Firmicutes*Clostridia*Lachnospirales*Lachnospiraceae*Blautia*_,1263.5242153686615,-0.002771579902999754,0.0015285889678847806,-1.8131623093126141,0.07310356430608893,0.8826670779283483,0,91,False
TACGTAGGGGGCAAGCGTTATCCGGATTTACTGGGTGTAAAGGGAGCGTAGACGGCAAGGCAAGTCTGAAGTGAAAGCCCGGGGCTTAACCGCGGGACTGCTTTGGAAACTGTCTGGCTGGAGTGCCGGAGAGGTAAGCGGAATTCCTAGTGTAGCGGTGAAATGCGTAGATATTAGGAGGAACACCAGTGGCGAAGGCGGCTTACTGGACGGTAACTGACGTTGAGGCTCGAAAGCGTGGGGAGCAAACAGG,Bacteria,Firmicutes,Clostridia,Lachnospirales,Lachnospiraceae,,,Bacteria*Firmicutes*Clostridia*Lachnospirales*Lachnospiraceae*_*_,1256.5240921872228,7.950276790558833e-06,0.00013322453277192788,0.05967577161009236,0.9525447269234578,0.9930777837826986,0,91,False
TACGTAGGGGGCAAGCGTTATCCGGATTTACTGGGTGTAAAGGGAGCGTAGACGGCAAGGCAAGTCTGAAGTGAAAGCCCGGTGCTTAACGCCGGGACTGCTTTGGAAACTGTTTAGCTGGAGTGCCGGAGAGGTAAGCGGAATTCCTAGTGTAGCGGTGAAATGCGTAGATATTAGGAAGAACACCAGTGGCGAAGGCGGCTTACTGGACGGTAACTGACGTTGAGGCTCGAAAGCGTGGGGAGCAAACAGG,Bacteria,Firmicutes,Clostridia,Lachnospirales,Lachnospiraceae,,,Bacteria*Firmicutes*Clostridia*Lachnospirales*Lachnospiraceae*_*_,1263.8395765042987,0.0011048461932889409,0.002852040804984613,0.38738793335563854,0.6993736009121545,0.9865618584646082,0,91,False
TACGTAGGGGGCAAGCGTTATCCGGATTTACTGGGTGTAAAGGGAGCGTAGACGGCAAGGCAAGTCTGAAGTGAAAGCCCGGTGCTTAACGCCGGGACTGCTTTGGAAACTGTTTGGCTGGAGTGCCGGAGAGGTAAGCGGAATTCCTAGTGTAGCGGTGAAATGCGTAGATATTAGGAAGAACACCAGTGGCGAAGGCGGCTTACTGGACGGTAACTGACGTTGAGGCTCGAAAGCGTGGGGAGCAAACAGG,Bacteria,Firmicutes,Clostridia,Lachnospirales,Lachnospiraceae,,,Bacteria*Firmicutes*Clostridia*Lachnospirales*Lachnospiraceae*_*_,1261.7665842492738,-0.0010564706851814445,0.0023708300754057728,-0.44561214915439573,0.6569357807640492,0.9706987547576728,0,91,False
TACGTAGGGGGCAAGCGTTATCCGGATTTACTGGGTGTAAAGGGAGCGTAGACGGCAAGGCAAGTCTGATGTGAAAACCCAGGGCTTAACCCTGGGACTGCATTGGAAACTGTCTGGCTCGAGTGCCGGAGAGGTAAGCGGAATTCCTAGTGTAGCGGTGAAATGCGTAGATATTAGGAAGAACACCAGTGGCGAAGGCGGCTTACTGGACGGTAACTGACGTTGAGGCTCGAAAGCGTGGGGAGCAAACAGG,Bacteria,Firmicutes,Clostridia,Lachnospirales,Lachnospiraceae,Fusicatenibacter,saccharivorans,Bacteria*Firmicutes*Clostridia*Lachnospirales*Lachnospiraceae*Fusicatenibacter*saccharivorans,1282.5927289219326,-0.0044993222517157845,0.0042857547961183545,-1.0498319352733059,0.2965754892004258,0.897683688214678,0,91,False
TACGTAGGGGGCAAGCGTTATCCGGATTTACTGGGTGTAAAGGGAGCGTAGACGGCAAGGCAAGTCTGATGTGAAAGGCTGGGGCTCAACCCCGGGACTGCATTGGAAACTGTCCTGCTGGAGTGCCGGAGAGGTAAGCGGAATTCCTAGTGTAGCGGTGAAATGCGTAGATATTAGGAGGAACACCAGTGGCGAAGGCGGCTTACTGGACGGTAACTGACGTTGAGGCTCGAAAGCGTGGGGAGCAAACAGG,Bacteria,Firmicutes,Clostridia,Lachnospirales,Lachnospiraceae,Marvinbryantia,,Bacteria*Firmicutes*Clostridia*Lachnospirales*Lachnospiraceae*Marvinbryantia*_,1256.841564116067,5.613719048700011e-05,0.0003516218018919987,0.15965218932653885,0.8735088944650284,0.9930777837826986,0,91,False
TACGTAGGGGGCAAGCGTTATCCGGATTTACTGGGTGTAAAGGGAGCGTAGACGGCACAGCAAGTCTGAAGTGAAATCCCCGGGCTCAACCCGGGAACTGCTTTGGAAACTGTTGGGCTAGAGTGCTGGAGAGGCAAGCGGAATTCCTAGTGTAGCGGTGAAATGCGTAGATATTAGGAGGAACACCAGTGGCGAAGGCGGCTTGCTGGACAGTAACTGACGTTGAGGCTCGAAAGCGTGGGGAGCAAACAGG,Bacteria,Firmicutes,Clostridia,Lachnospirales,Lachnospiraceae,,,Bacteria*Firmicutes*Clostridia*Lachnospirales*Lachnospiraceae*_*_,1257.3339467602243,0.0030074797090960514,0.0014385524065577777,2.09062922934623,0.039349562876602726,0.8826670779283483,0,91,False
TACGTAGGGGGCAAGCGTTATCCGGATTTACTGGGTGTAAAGGGAGCGTAGACGGCACAGCAAGTCTGAAGTGAAATCCCCGGGCTCAACCCGGGAACTGCTTTGGAAACTGTTGGGCTGGAGTGCTGGAGAGGCAAGCGGAATTCCTAGTGTAGCGGTGAAATGCGTAGATATTAGGAGGAACACCAGTGGCGAAGGCGGCTTGCTGGACAGTAACTGACGTTGAGGCTCGAAAGCGTGGGGAGCAAACAGG,Bacteria,Firmicutes,Clostridia,Lachnospirales,Lachnospiraceae,UC5-1-2E3,,Bacteria*Firmicutes*Clostridia*Lachnospirales*Lachnospiraceae*UC5-1-2E3*_,1257.7006564930755,-0.0006469933354999759,0.0005208949690491,-1.242080215673939,0.2173985394049295,0.8826670779283483,0,91,False
TACGTAGGGGGCAAGCGTTATCCGGATTTACTGGGTGTAAAGGGAGCGTAGACGGCACAGCAAGTCTGATGTGAAAGCCCGGGGCCCAACCCCGGAACTGCATTGGAAACTGCTGGGCTTGAGTGCAGGAGAGGTAAGCGGAATTCCTAGTGTAGCGGTGAAATGCGTAGATATTAGGAGGAACACCAGTGGCGAAGGCGGCTTACTGGACTGTAACTGACGTTGAGGCTCGAAAGCGTGGGGAGCAAACAGG,Bacteria,Firmicutes,Clostridia,Lachnospirales,Lachnospiraceae,Lachnospiraceae_NK4A136_group,,Bacteria*Firmicutes*Clostridia*Lachnospirales*Lachnospiraceae*Lachnospiraceae_NK4A136_group*_,1259.2032531779455,0.008112016959089564,0.014754019307154984,0.5498174287433412,0.5837915288904737,0.9539541331513363,0,91,False
TACGTAGGGGGCAAGCGTTATCCGGATTTACTGGGTGTAAAGGGAGCGTAGACGGCACAGCAAGTCTGATGTGAAAGCCCGGGGCCCAACCCCGGAACTGCATTGGAAACTGTTGGGCTTGAGTGCAGGAGAGGTAAGCGGAATTCCTAGTGTAGCGGTGAAATGCGTAGATATTAGGAGGAACACCAGTGGCGAAGGCGGCTTACTGGACTGTAACTGACGTTGAGGCTCGAAAGCGTGGGGAGCAAACAGG,Bacteria,Firmicutes,Clostridia,Lachnospirales,Lachnospiraceae,,,Bacteria*Firmicutes*Clostridia*Lachnospirales*Lachnospiraceae*_*_,1256.4276607450786,-5.5330173425906e-05,5.810192740073455e-05,-0.9522949736983509,0.343470015688199,0.9191142356560728,0,91,False
TACGTAGGGGGCAAGCGTTATCCGGATTTACTGGGTGTAAAGGGAGCGTAGACGGCACGGCAAGCCAGATGTGAAAGCCCGGGGCTCAACCCCGGGACTGCATTTGGAACTGCTGAGCTAGAGTGTCGGAGAGGCAAGTGGAATTCCTAGTGTAGCGGTGAAATGCGTAGATATTAGGAGGAACACCAGTGGCGAAGGCGGCTTGCTGGACGATGACTGACGTTGAGGCTCGAAAGCGTGGGGAGCAAACAGG,Bacteria,Firmicutes,Clostridia,Lachnospirales,Lachnospiraceae,Dorea,longicatena,Bacteria*Firmicutes*Clostridia*Lachnospirales*Lachnospiraceae*Dorea*longicatena,1286.7816977639998,-0.004734880601575899,0.007045996323098578,-0.6719958944704171,0.5032888705045784,0.9539541331513363,0,91,False
TACGTAGGGGGCAAGCGTTATCCGGATTTACTGGGTGTAAAGGGAGCGTAGACGGCAGTGCAAGTCTGAAGTGAAAGCCCGGGGCTCAACCCCGGGACTGCTTTGGAAACTGTGCAGCTAGAGTGTCGGAGAGGCAAGCGGAATTCCTAGTGTAGCGGTGAAATGCGTAGATATTAGGAGGAACACCAGTGGCGAAGGCGGCTTGCTGGACGATGACTGACGTTGAGGCTCGAAAGCGTGGGGAGCAAACAGG,Bacteria,Firmicutes,Clostridia,Lachnospirales,Lachnospiraceae,,,Bacteria*Firmicutes*Clostridia*Lachnospirales*Lachnospiraceae*_*_,1257.3330930182813,0.001189844364200268,0.001748582466524525,0.6804622526984373,0.4979394741334098,0.9539541331513363,0,91,False
TACGTAGGGGGCAAGCGTTATCCGGATTTACTGGGTGTAAAGGGAGCGTAGACGGCATAACAAGTCTGATGTGAAAGGCTGGGGCTTAACCCCGGGACTGCATTGGAAACTGTTAAGCTTGAGTGCCGGAGGGGTAAGCGGAATTCCTAGTGTAGCGGTGAAATGCGTAGATATTAGGAGGAACACCAGTGGCGAAGGCGGCTTACTGGACGGTAACTGACGTTGAGGCTCGAAAGCGTGGGGAGCAAACAGG,Bacteria,Firmicutes,Clostridia,Lachnospirales,Lachnospiraceae,Blautia,,Bacteria*Firmicutes*Clostridia*Lachnospirales*Lachnospiraceae*Blautia*_,1257.3656167113925,0.0002174872811763109,0.0005823000666190748,0.3734969196192541,0.7096473430174852,0.9875198362567608,0,91,False
TACGTAGGGGGCAAGCGTTATCCGGATTTACTGGGTGTAAAGGGAGCGTAGACGGCATCACAAGTCAGAAGTGAAAATCCGGGGCTCAACCCCGGAACTGCTTTTGAAACTGTGGAGCTGGAGTGCAGGAGAGGTAAGCGGAATTCCTAGTGTAGCGGTGAAATGCGTAGATATTAGGAGGAACACCAGTGGCGAAGGCGGCTTACTGGACTGTAACTGACGTTGAGGCTCGAAAGCGTGGGGAGCAAACAGG,Bacteria,Firmicutes,Clostridia,Lachnospirales,Lachnospiraceae,,,Bacteria*Firmicutes*Clostridia*Lachnospirales*Lachnospiraceae*_*_,1279.565572003945,-0.02134225488041381,0.013652018890595804,-1.5633039370547184,0.12145221416824017,0.8826670779283483,0,91,False
TACGTAGGGGGCAAGCGTTATCCGGATTTACTGGGTGTAAAGGGAGCGTAGACGGCATGACAAGCCAGATGTGAAAACCCAGGGCTCAACCCTGGGACTGCATTTGGAACTGCCAGGCTGGAGTGCAGGAGAGGTAAGCGGAATTCCTAGTGTAGCGGTGAAATGCGTAGATATTAGGAGGAACACCAGTGGCGAAGGCGGCTTACTGGACTGTAACTGACGTTGAGGCTCGAAAGCGTGGGGAGCAAACAGG,Bacteria,Firmicutes,Clostridia,Lachnospirales,Lachnospiraceae,Eisenbergiella,massiliensis,Bacteria*Firmicutes*Clostridia*Lachnospirales*Lachnospiraceae*Eisenbergiella*massiliensis,1256.57700534285,0.0003075206236111096,0.0004438180294462486,0.6928979969443847,0.49013815507927827,0.9539541331513363,0,91,False
TACGTAGGGGGCAAGCGTTATCCGGATTTACTGGGTGTAAAGGGAGCGTAGACGGCATGGCAAGCCAGATGTGAAAACCCAGGGCTCAACCTTGGGATTGCATTTGGAACTGCCAGGCTGGAGTGCAGGAGAGGTAAGCGGAATTCCTAGTGTAGCGGTGAAATGCGTAGATATTAGGAGGAACACCAGTGGCGAAGGCGGCTTACTGGACTGTAACTGACGTTGAGGCTCGAAAGCGTGGGGAGCAAACAGG,Bacteria,Firmicutes,Clostridia,Lachnospirales,Lachnospiraceae,Eisenbergiella,tayi,Bacteria*Firmicutes*Clostridia*Lachnospirales*Lachnospiraceae*Eisenbergiella*tayi,1256.772492602317,0.0003623143377504167,0.0005304027731398508,0.6830928420784965,0.4962836431288009,0.9539541331513363,0,91,False
TACGTAGGGGGCAAGCGTTATCCGGATTTACTGGGTGTAAAGGGAGCGTAGACGGCATGGCAAGCCAGATGTGAAAGCCCGGGGCTCAACCCCGGGACTGCATTTGGAACTGTCAGGCTAGAGTGTCGGAGAGGAAAGCGGAATTCCTAGTGTAGCGGTGAAATGCGTAGATATTAGGAGGAACACCAGTGGCGAAGGCGGCTTTCTGGACGATGACTGACGTTGAGGCTCGAAAGCGTGGGGAGCAAACAGG,Bacteria,Firmicutes,Clostridia,Lachnospirales,Lachnospiraceae,,,Bacteria*Firmicutes*Clostridia*Lachnospirales*Lachnospiraceae*_*_,1260.7513393353106,-0.0015402507761046488,0.0018882657768791924,-0.8156959655596148,0.41680399434031634,0.9539541331513363,0,91,False
TACGTAGGGGGCAAGCGTTATCCGGATTTACTGGGTGTAAAGGGAGCGTAGACGGCATGGCAAGCCAGATGTGAAAGCCCGGGGCTCAACCCCGGGACTGCATTTGGAACTGTCAGGCTAGAGTGTCGGAGAGGAAAGCGGAATTCCTAGTGTAGCGGTGAAATGCGTAGATATTAGGAGGAACACCAGTGGCGAAGGCGGCTTTCTGGACGGTGACTGACGTTGAGGCTCGAAAGCGTGGGGAGCAAACAGG,Bacteria,Firmicutes,Clostridia,Lachnospirales,Lachnospiraceae,,,Bacteria*Firmicutes*Clostridia*Lachnospirales*Lachnospiraceae*_*_,1256.5896682112843,-7.954853218824344e-05,0.00028338034727136364,-0.2807129462371226,0.7795677980846112,0.9930777837826986,0,91,False
TACGTAGGGGGCAAGCGTTATCCGGATTTACTGGGTGTAAAGGGAGCGTAGACGGCATGGCAAGTCTGAAGTGAAAACCCAGGGCTCAACCCTGGGACTGCTTTGGAAACTGTCAAGCTAGAGTGCAGGAGAGGTAAGTGGAATTCCTAGTGTAGCGGTGAAATGCGTAGATATTAGGAGGAACACCAGTGGCGAAGGCGGCTTACTGGACTGTAACTGACGTTGAGGCTCGAAAGCGTGGGGAGCAAACAGG,Bacteria,Firmicutes,Clostridia,Lachnospirales,Lachnospiraceae,,,Bacteria*Firmicutes*Clostridia*Lachnospirales*Lachnospiraceae*_*_,1256.474921889634,0.00017385139224409174,0.00013820648839585773,1.2579104951001876,0.21164240061166179,0.8826670779283483,0,91,False
TACGTAGGGGGCAAGCGTTATCCGGATTTACTGGGTGTAAAGGGAGCGTAGACGGCATGGCAAGTCTGAAGTGAAAGCCCGGGGCTCAACCCCGGGACTGCTTTGGAAACTGTCAGGCTAGAGTGCTGGAGAGGTAAGTGGAATTCCTAGTGTAGCGGTGAAATGCGTAGATATTAGGAGGAACACCAGTGGCGAAGGCGGCTTACTGGACAGTGACTGACGTTGAGGCTCGAAAGCGTGGGGAGCAAACAGG,Bacteria,Firmicutes,Clostridia,Lachnospirales,Lachnospiraceae,Lachnoclostridium,,Bacteria*Firmicutes*Clostridia*Lachnospirales*Lachnospiraceae*Lachnoclostridium*_,1256.4322373163288,0.0018823567622518807,0.0011528119581168696,1.632839379396038,0.10595837719704211,0.8826670779283483,0,91,False
TACGTAGGGGGCAAGCGTTATCCGGATTTACTGGGTGTAAAGGGAGCGTAGACGGCATGGCAAGTCTGAAGTGAAATGCGGGGGCTCAACCCCTGAACTGCTTTGGAAACTGTCAGGCTGGAGTGCAGGAGAGGTAAGTGGAATTCCTAGTGTAGCGGTGAAATGCGTAGATATTAGGAGGAACACCAGTGGCGAAGGCGGCTTACTGGACTGTAACTGACGTTGAGGCTCGAAAGCGTGGGGAGCAAACAGG,Bacteria,Firmicutes,Clostridia,Lachnospirales,Lachnospiraceae,Lachnospiraceae_AC2044_group,,Bacteria*Firmicutes*Clostridia*Lachnospirales*Lachnospiraceae*Lachnospiraceae_AC2044_group*_,1259.9877355210292,-0.003506441509440651,0.0009855247513351438,-3.557943628194304,0.0005960663659207412,0.20332356126522674,0,91,False
TACGTAGGGGGCAAGCGTTATCCGGATTTACTGGGTGTAAAGGGAGCGTAGACGGCATGGCAAGTCTGATGTGAAAACTTGGGGCTCAACCCCAAGACTGCATTGGAAACTGTTAAGCTAGAGTGCAGGAGAGGTAAGCGGAATTCCTAGTGTAGCGGTGAAATGCGTAGATATTAGGAGGAACACCAGTGGCGAAGGCGGCTTACTGGACTGTAACTGACGTTGAGGCTCGAAAGCGTGGGGAGCAAACAGG,Bacteria,Firmicutes,Clostridia,Lachnospirales,Lachnospiraceae,Lachnospiraceae_UCG-009,,Bacteria*Firmicutes*Clostridia*Lachnospirales*Lachnospiraceae*Lachnospiraceae_UCG-009*_,1256.442773460491,-7.268326834328347e-05,6.670724997409154e-05,-1.0895857402533153,0.27877263542933634,0.8853818901235723,0,91,False
TACGTAGGGGGCAAGCGTTATCCGGATTTACTGGGTGTAAAGGGAGCGTAGACGGCATTGCAAGCCAGATGTGAAAGCCCGGGGCTCAACCCCGGGACTGCATTTGGAACTGTAGAGCTAGAGTGTCGGAGAGGCAAGTGGAATTCCTAGTGTAGCGGTGAAATGCGTAGATATTAGGAGGAACACCAGTGGCGAAGGCGGCTTGCTGGACGATGACTGACGTTGAGGCTCGAAAGCGTGGGGAGCAAACAGG,Bacteria,Firmicutes,Clostridia,Lachnospirales,Lachnospiraceae,,,Bacteria*Firmicutes*Clostridia*Lachnospirales*Lachnospiraceae*_*_,1257.3511566335035,0.0009444043767580443,0.0007560122129202353,1.2491919583019828,0.21479859092777603,0.8826670779283483,0,91,False
TACGTAGGGGGCAAGCGTTATCCGGATTTACTGGGTGTAAAGGGAGCGTAGACGGCATTGCAAGTCTGGAGTGAAAACCCGGGGCTCAACCCCGGGATTGCTTTGGAAACTGTGGAGCTAGAGTACCGGAGAGGCAAGTGGAATTCCTAGTGTAGCGGTGAAATGCGTAGATATTAGGAGGAACACCAGTGGCGAAGGCGGCTTGCTGGACGGTAACTGACGTTGAGGCTCGAAAGCGTGGGGAGCAAACAGG,Bacteria,Firmicutes,Clostridia,Lachnospirales,Lachnospiraceae,Sellimonas,,Bacteria*Firmicutes*Clostridia*Lachnospirales*Lachnospiraceae*Sellimonas*_,1256.3819917418045,9.546812692711056e-05,9.581187488422923e-05,0.9964122614494914,0.32169206519597315,0.9189073084248836,0,91,False
TACGTAGGGGGCAAGCGTTATCCGGATTTACTGGGTGTAAAGGGAGCGTAGACGGCATTGCAAGTCTGGAGTGAAAACCCGGGGCTCAACCCCGGGATTGCTTTGGAAACTGTGGAGCTGGAGTACCGGAGAGGCAAGTGGAATTCCTAGTGTAGCGGTGAAATGCGTAGATATTAGGAGGAACACCAGTGGCGAAGGCGGCTTGCTGGACGGTAACTGACGTTGAGGCTCGAAAGCGTGGGGAGCAAACAGG,Bacteria,Firmicutes,Clostridia,Lachnospirales,Lachnospiraceae,Sellimonas,,Bacteria*Firmicutes*Clostridia*Lachnospirales*Lachnospiraceae*Sellimonas*_,1256.4610637063527,-9.368466649596744e-05,8.168346973604617e-05,-1.1469231999901843,0.25442001464945607,0.8853818901235723,0,91,False
TACGTAGGGGGCAAGCGTTATCCGGATTTACTGGGTGTAAAGGGAGCGTAGACGGCGAAGCAAGTCTGAAGTGAAAACCCAGGGCTCAACCCTGGGACTGCTTTGGAAACTGTTTTGCTAGAGTGTCGGAGAGGTAAGTGGAATTCCTAGTGTAGCGGTGAAATGCGTAGATATTAGGAGGAACACCAGTGGCGAAGGCGGCTTACTGGACGATAACTGACGTTGAGGCTCGAAAGCGTGGGGAGCAAACAGG,Bacteria,Firmicutes,Clostridia,Lachnospirales,Lachnospiraceae,Lachnoclostridium,,Bacteria*Firmicutes*Clostridia*Lachnospirales*Lachnospiraceae*Lachnoclostridium*_,1257.0504567700466,0.002348958138546486,0.0012005834908997734,1.9565137754693485,0.05347064683947128,0.8826670779283483,0,91,False
TACGTAGGGGGCAAGCGTTATCCGGATTTACTGGGTGTAAAGGGAGCGTAGACGGCGAAGCAAGTCTGAAGTGAAAGCCCGGGGCTTAACCCCGGGACTGCTTTGGAAACTGTTTTGCTAGAGTGCTGGAGAGGTAAGTGGAATTCCTAGTGTAGCGGTGAAATGCGTAGATATTAGGAGGAACACCAGTGGCGAAGGCGGCTTACTGGACAGTAACTGACGTTGAGGCTCGAAAGCGTGGGGAGCAAACAGG,Bacteria,Firmicutes,Clostridia,Lachnospirales,Lachnospiraceae,Lachnoclostridium,,Bacteria*Firmicutes*Clostridia*Lachnospirales*Lachnospiraceae*Lachnoclostridium*_,1257.9559059146711,0.00014877874334820582,0.001560909183054782,0.09531543856833358,0.9242738594487012,0.9930777837826986,0,91,False
TACGTAGGGGGCAAGCGTTATCCGGATTTACTGGGTGTAAAGGGAGCGTAGACGGCGACGCAAGTCTGAAGTGAAATACCCGGGCTCAACCTGGGAACTGCTTTGGAAACTGTGTTGCTAGAGTGCTGGAGAGGTAAGCGGAATTCCTAGTGTAGCGGTGAAATGCGTAGATATTAGGAAGAACACCAGTGGCGAAGGCGGCTTACTGGACAGTAACTGACGTTGAGGCTCGAAAGCGTGGGGAGCAAACAGG,Bacteria,Firmicutes,Clostridia,Lachnospirales,Lachnospiraceae,Lachnospiraceae_UCG-004,,Bacteria*Firmicutes*Clostridia*Lachnospirales*Lachnospiraceae*Lachnospiraceae_UCG-004*_,1260.5162749364747,0.002980061418735346,0.0030648849080282346,0.9723240866008704,0.33346681376245946,0.9191142356560728,0,91,False
TACGTAGGGGGCAAGCGTTATCCGGATTTACTGGGTGTAAAGGGAGCGTAGACGGCGACGCAAGTCTGAAGTGAAATACCCGGGCTCAACCTGGGAACTGCTTTGGAAACTGTGTTGCTGGAGTGCTGGAGAGGTAAGCGGAATTCCTAGTGTAGCGGTGAAATGCGTAGATATTAGGAAGAACACCAGTGGCGAAGGCGGCTTACTGGACAGTAACTGACGTTGAGGCTCGAAAGCGTGGGGAGCAAACAGG,Bacteria,Firmicutes,Clostridia,Lachnospirales,Lachnospiraceae,Lachnospiraceae_UCG-004,,Bacteria*Firmicutes*Clostridia*Lachnospirales*Lachnospiraceae*Lachnospiraceae_UCG-004*_,1256.4213301655543,0.0010242432641773388,0.0005107283573555205,2.005456030443906,0.047884717789597867,0.8826670779283483,0,91,False
TACGTAGGGGGCAAGCGTTATCCGGATTTACTGGGTGTAAAGGGAGCGTAGACGGCGACGCAAGTCTGGAGTGAAAGCCCGGGGCCCAACCCCGGGACTGCTTTGGAAACTGTGCTGCTGGAGTGCAGGAGAGGTAAGTGGAATTCCTAGTGTAGCGGTGAAATGCGTAGATATTAGGAGGAACACCAGTGGCGAAGGCGGCTTACTGGACTGTAACTGACGTTGAGGCTCGAAAGCGTGGGGAGCAAACAGG,Bacteria,Firmicutes,Clostridia,Lachnospirales,Lachnospiraceae,,,Bacteria*Firmicutes*Clostridia*Lachnospirales*Lachnospiraceae*_*_,1256.467026306673,0.00027452773826329717,0.00021305925286202313,1.288504181703298,0.20083687280859724,0.8826670779283483,0,91,False
TACGTAGGGGGCAAGCGTTATCCGGATTTACTGGGTGTAAAGGGAGCGTAGACGGCGAGACAAGTCTGAAGTGAAAGCCCGGGGCTCAACCCCGGGACTGCTTTGGAAACTGCCTTGCTAGAGTGCTGGAGAGGTAAGTGGAATTCCTAGTGTAGCGGTGAAATGCGTAGATATTAGGAGGAACACCAGTGGCGAAGGCGGCTTACTGGACAGTAACTGACGTTGAGGCTCGAAAGCGTGGGGAGCAAACAGG,Bacteria,Firmicutes,Clostridia,Lachnospirales,Lachnospiraceae,Lachnoclostridium,,Bacteria*Firmicutes*Clostridia*Lachnospirales*Lachnospiraceae*Lachnoclostridium*_,1259.4677812398695,0.0019290375719974633,0.0023317263184824953,0.8273001667077701,0.41023114066693,0.9539541331513363,0,91,False
TACGTAGGGGGCAAGCGTTATCCGGATTTACTGGGTGTAAAGGGAGCGTAGACGGCGAGGCAAGTCTGATGTGAAAACCCGGGGCTCAACCCCGTGACTGCATTGGAAACTGTTTTGCTTGAGTGCCGGAGAGGTAAGCGGAATTCCTAGTGTAGCGGTGAAATGCGTAGATATTAGGAGGAACACCAGTGGCGAAGGCGGCTTACTGGACGGCAACTGACGTTGAGGCTCGAAAGCGTGGGGAGCAAACAGG,Bacteria,Firmicutes,Clostridia,Lachnospirales,Lachnospiraceae,CAG-56,,Bacteria*Firmicutes*Clostridia*Lachnospirales*Lachnospiraceae*CAG-56*_,1261.905063053742,0.0009017406003212366,0.001983036386875372,0.4547272083807246,0.6503884290996511,0.9685280873155366,0,91,False
TACGTAGGGGGCAAGCGTTATCCGGATTTACTGGGTGTAAAGGGAGCGTAGACGGCGATGCAAGCCAGATGTGAAAGCCCGGGGCTCAACCCCGGGACTGCATTTGGAACTGCGTGGCTGGAGTGTCGGAGAGGCAGGCGGAATTCCTAGTGTAGCGGTGAAATGCGTAGATATTAGGAGGAACACCAGTGGCGAAGGCGGCCTGCTGGACGATGACTGACGTTGAGGCTCGAAAGCGTGGGGAGCAAACAGG,Bacteria,Firmicutes,Clostridia,Lachnospirales,Lachnospiraceae,Lachnoclostridium,,Bacteria*Firmicutes*Clostridia*Lachnospirales*Lachnospiraceae*Lachnoclostridium*_,1256.5915594809208,3.151638204925558e-05,0.00026951059995072244,0.11693930426119813,0.9071658534577234,0.9930777837826986,0,91,False
TACGTAGGGGGCAAGCGTTATCCGGATTTACTGGGTGTAAAGGGAGCGTAGACGGCGATGCAAGTCTGAAGTGAAAGCCCGGGGCTCAACCCCGGGACTGCTTTGGAAACTGTGTGGCTGGAGTGCAGGAGAGGTAAGTGGAATTCCTAGTGTAGCGGTGAAATGCGTAGATATTAGGAGGAACACCAGTGGCGAAGGCGGCTTACTGGACTGTAACTGACGTTGAGGCTCGAAAGCGTGGGGAGCAAACAGG,Bacteria,Firmicutes,Clostridia,Lachnospirales,Lachnospiraceae,Lachnoclostridium,pacaense,Bacteria*Firmicutes*Clostridia*Lachnospirales*Lachnospiraceae*Lachnoclostridium*pacaense,1256.403638758513,7.394029203038174e-05,0.00011333901221730297,0.6523816520353757,0.5157995743382885,0.9539541331513363,0,91,False
TACGTAGGGGGCAAGCGTTATCCGGATTTACTGGGTGTAAAGGGAGCGTAGACGGCGATGCAAGTCTGAAGTGAAATACCCGGGCTCAACCTGGGAACTGCTTTGGAAACTGTATGGCTAGAGTGCTGGAGAGGTAAGCGGAATTCCTAGTGTAGCGGTGAAATGCGTAGATATTAGGAAGAACACCAGTGGCGAAGGCGGCTTACTGGACAGTAACTGACGTTCAGGCTCGAAAGCGTGGGGAGCAAACAGG,Bacteria,Firmicutes,Clostridia,Lachnospirales,Lachnospiraceae,Lachnospiraceae_UCG-004,,Bacteria*Firmicutes*Clostridia*Lachnospirales*Lachnospiraceae*Lachnospiraceae_UCG-004*_,1258.1527424256467,-0.0009841390870519635,0.0005810974218825356,-1.693587081945271,0.09376427555911666,0.8826670779283483,0,91,False
TACGTAGGGGGCAAGCGTTATCCGGATTTACTGGGTGTAAAGGGAGCGTAGACGGCGCAGCAAGTCTGATGTGAAAGGCAGGGGCTTAACCCCTGGACTGCATTGGAAACTGCTGTGCTTGAGTGCCGGAGGGGTAAGCGGAATTCCTAGTGTAGCGGTGAAATGCGTAGATATTAGGAGGAACACCAGTGGCGAAGGCGGCTTACTGGACGGTAACTGACGTTGAGGCTCGAAAGCGTGGGGAGCAAACAGG,Bacteria,Firmicutes,Clostridia,Lachnospirales,Lachnospiraceae,Blautia,faecis,Bacteria*Firmicutes*Clostridia*Lachnospirales*Lachnospiraceae*Blautia*faecis,1271.0439690047604,-0.0028542608584013187,0.0023734913303675954,-1.2025579457074587,0.2322671311011717,0.8853818901235723,0,91,False
TACGTAGGGGGCAAGCGTTATCCGGATTTACTGGGTGTAAAGGGAGCGTAGACGGCGCTGCAAGTCTGAAGTGAAAGCCCGGGGCTCAACCCCGGGACTGCTTTGGAAACTGTAATGCTAGAGTGCTGGAGAGGTAAGTGGAATTCCTAGTGTAGCGGTGAAATGCGTAGATATTAGGAGGAACACCAGTGGCGAAGGCGGCTTACTGGACAGTAACTGACGTTGAGGCTCGAAAGCGTGGGGAGCAAACAGG,Bacteria,Firmicutes,Clostridia,Lachnospirales,Lachnospiraceae,Lachnoclostridium,,Bacteria*Firmicutes*Clostridia*Lachnospirales*Lachnospiraceae*Lachnoclostridium*_,1256.4198664369223,0.0005530110637738436,0.0006845257273643229,0.8078747688609756,0.4212694889390802,0.9539541331513363,0,91,False
TACGTAGGGGGCAAGCGTTATCCGGATTTACTGGGTGTAAAGGGAGCGTAGACGGCGGAGCAAGTCTGAAGTGAAAGCCCGGGGCTCAACCCCGGGACTGCTTTGGAAACTGTTCTGCTAGAGTGCTGGAGAGGTAAGTGGAATTCCTAGTGTAGCGGTGAAATGCGTAGATATTAGGAGGAACACCAGTGGCGAAGGCGGCTTACTGGACAGTAACTGACGTTGAGGCTCGAAAGCGTGGGGAGCAAACAGG,Bacteria,Firmicutes,Clostridia,Lachnospirales,Lachnospiraceae,Lachnoclostridium,,Bacteria*Firmicutes*Clostridia*Lachnospirales*Lachnospiraceae*Lachnoclostridium*_,1258.140564882891,0.00030612593387698884,0.001427163051345398,0.21449962118091656,0.8306374001684177,0.9930777837826986,0,91,False
TACGTAGGGGGCAAGCGTTATCCGGATTTACTGGGTGTAAAGGGAGCGTAGACGGCTAAGCAAGTCAGAAGTGAAAGGCTGGGGCTCAACCCCGGGACTGCTTTTGAAACTGTTTGGCTAGAGTGCTGGAGAGGTAAGCGGAATTCCTAGTGTAGCGGTGAAATGCGTAGATATTAGGAGGAACACCAGTGGCGAAGGCGGCTTACTGGACAGTAACTGACGTTGAGGCTCGAAAGCGTGGGGAGCAAACAGG,Bacteria,Firmicutes,Clostridia,Lachnospirales,Lachnospiraceae,,,Bacteria*Firmicutes*Clostridia*Lachnospirales*Lachnospiraceae*_*_,1258.4852964255856,-0.0006975488631767177,0.0005089095559268128,-1.3706735412078477,0.17384820240196114,0.8826670779283483,0,91,False
TACGTAGGGGGCAAGCGTTATCCGGATTTACTGGGTGTAAAGGGAGCGTAGACGGCTCTGCAAGTCTGGAGTGAAAACCCGGGGCTCAACCCTGGGACTGCTTTGGAAACTGTGGAGCTTGAGTACCGGAGGGGTAAGCGGAATTCCTAGTGTAGCGGTGAAATGCGTAGATATTAGGAGGAACACCAGTGGCGAAGGCGGCTTACTGGACGGTAACTGACGTTGAGGCTCGAAAGCGTGGGGAGCAAACAGG,Bacteria,Firmicutes,Clostridia,Lachnospirales,Lachnospiraceae,,,Bacteria*Firmicutes*Clostridia*Lachnospirales*Lachnospiraceae*_*_,1256.5318434591736,1.9323274199741164e-05,9.585478494536522e-05,0.20158904128526225,0.8406879569249561,0.9930777837826986,0,91,False
TACGTAGGGGGCAAGCGTTATCCGGATTTACTGGGTGTAAAGGGAGCGTAGACGGCTGTGCAAGTCTGAAGTGAAAGCCCGGGGCTCAACCCCGGGACTGCTTTGGAAACTGTATAGCTAGAGTGCTGGAGAGGTAAGTGGAATTCCTAGTGTAGCGGTGAAATGCGTAGATATTAGGAGGAACACCAGTGGCGAAGGCGGCTTACTGGACAGTGACTGACGTTGAGGCTCGAAAGCGTGGGGAGCAAACAGG,Bacteria,Firmicutes,Clostridia,Lachnospirales,Lachnospiraceae,Lachnoclostridium,,Bacteria*Firmicutes*Clostridia*Lachnospirales*Lachnospiraceae*Lachnoclostridium*_,1256.3819917418045,0.00011770742562997592,0.0001133618649752612,1.0383335317892224,0.3018659253820139,0.897683688214678,0,91,False
TACGTAGGGGGCAAGCGTTATCCGGATTTACTGGGTGTAAAGGGAGCGTAGACGGCTGTGCAAGTCTGAAGTGAAAGGCATGGGCTCAACCTGTGGACTGCTTTGGAAACTGTGCAGCTAGAGTGTCGGAGAGGTAAGTGGAATTCCTAGTGTAGCGGTGAAATGCGTAGATATTAGGAGGAACACCAGTGGCGAAGGCGGCTTACTGGACGATGACTGACGTTGAGGCTCGAAAGCGTGGGGAGCAAACAGG,Bacteria,Firmicutes,Clostridia,Lachnospirales,Lachnospiraceae,Dorea,formicigenerans,Bacteria*Firmicutes*Clostridia*Lachnospirales*Lachnospiraceae*Dorea*formicigenerans,1271.9583392122895,-0.0026294341257711643,0.0023651901953727116,-1.1117220640079697,0.2691861853451419,0.8853818901235723,0,91,False
TACGTAGGGGGCAAGCGTTATCCGGATTTACTGGGTGTAAAGGGAGCGTAGACGGCTGTGCAAGTCTGGAGTGAAAACCCGGGGCTCAACCCCGGGATTGCTTTGGAAACTGTGTAGCTGGAGTACCGGAGAGGCAAGTGGAATTCCTAGTGTAGCGGTGAAATGCGTAGATATTAGGAGGAACACCAGTGGCGAAGGCGGCTTGCTGGACGGTAACTGACGTTGAGGCTCGAAAGCGTGGGGAGCAAACAGG,Bacteria,Firmicutes,Clostridia,Lachnospirales,Lachnospiraceae,Sellimonas,,Bacteria*Firmicutes*Clostridia*Lachnospirales*Lachnospiraceae*Sellimonas*_,1256.4284808910372,-5.6271907007692596e-05,6.02171852139506e-05,-0.9344825203595868,0.3525281449120855,0.9299247410637738,0,91,False
TACGTAGGGGGCAAGCGTTATCCGGATTTACTGGGTGTAAAGGGAGCGTAGACGGCTGTGCAAGTCTGGAGTGAAAGCCCGGGGCTCAACCCCGGGACTGCTTTGGAAACTGTACGGCTGGAGTGCTGGAGAGGCAAGCGGAATTCCTAGTGTAGCGGTGAAATGCGTAGATATTAGGAGGAACACCAGTGGCGAAGGCGGCTTGCTGGACAGTAACTGACGTTGAGGCTCGAAAGCGTGGGGAGCAAACAGG,Bacteria,Firmicutes,Clostridia,Lachnospirales,Lachnospiraceae,UC5-1-2E3,,Bacteria*Firmicutes*Clostridia*Lachnospirales*Lachnospiraceae*UC5-1-2E3*_,1256.394103451558,7.571578895086247e-05,6.618183519848593e-05,1.1440569564712624,0.2556004898019141,0.8853818901235723,0,91,False
TACGTAGGGGGCAAGCGTTATCCGGATTTACTGGGTGTAAAGGGAGCGTAGACGGCTTAGCAAGTCTGAAGTGAAAGCCCGGGGCTCAACCCCGGGACTGCTTTGGAAACTGTTAAGCTGGAGTGCTGGAGAGGTAAGCGGAATTCCTAGTGTAGCGGTGAAATGCGTAGATATTAGGAGGAACACCAGTGGCGAAGGCGGCTTACTGGACAGTAACTGACGTTGAGGCTCGAAAGCGTGGGGAGCAAACAGG,Bacteria,Firmicutes,Clostridia,Lachnospirales,Lachnospiraceae,Lachnoclostridium,,Bacteria*Firmicutes*Clostridia*Lachnospirales*Lachnospiraceae*Lachnoclostridium*_,1257.1415875108958,-0.0006715811205966222,0.00047212334060852876,-1.4224696447564074,0.15830880773523326,0.8826670779283483,0,91,False
TACGTAGGGGGCAAGCGTTATCCGGATTTACTGGGTGTAAAGGGAGCGTAGACGGCTTTGCAAGTCTGACGTGAAAATCCGGGGCTCAACCCCGGAACTGCGTTGGAAACTGTGAGGCTTGAGTGCCGGAGAGGTAAGCGGAATTCCTAGTGTAGCGGTGAAATGCGTAGATATTAGGAGGAACACCAGTGGCGAAGGCGGCTTACTGGACGGCAACTGACGTTGAGGCTCGAAAGCGTGGGGAGCAAACAGG,Bacteria,Firmicutes,Clostridia,Lachnospirales,Lachnospiraceae,Lachnospiraceae_FCS020_group,bacterium,Bacteria*Firmicutes*Clostridia*Lachnospirales*Lachnospiraceae*Lachnospiraceae_FCS020_group*bacterium,1256.4845801539614,8.227261064840596e-05,0.00013203201440114905,0.6231262245112724,0.5347601899457528,0.9539541331513363,0,91,False
TACGTAGGGGGCAAGCGTTATCCGGATTTACTGGGTGTAAAGGGAGCGTAGACGGCTTTGCAAGTCTGACGTGAAACTCCGGGGCTCAACTCCGGAACTGCGTTGGAAACTGTAAGGCTTGAGTGCCGGAGAGGTAAGCGGAATTCCTAGTGTAGCGGTGAAATGCGTAGATATTAGGAGGAACACCAGTGGCGAAGGCGGCTTACTGGACGGCAACTGACGTTGAGGCTCGAAAGCGTGGGGAGCAAACAGG,Bacteria,Firmicutes,Clostridia,Lachnospirales,Lachnospiraceae,Lachnospiraceae_FCS020_group,,Bacteria*Firmicutes*Clostridia*Lachnospirales*Lachnospiraceae*Lachnospiraceae_FCS020_group*_,1257.9455908329394,-0.0005453161478484519,0.00037949016283522015,-1.4369704441725824,0.1541558215742652,0.8826670779283483,0,91,False
TACGTAGGGGGCAAGCGTTATCCGGATTTACTGGGTGTAAAGGGAGCGTAGACGGCTTTGCAAGTCTGATGTGAAAGGCGGGGGCTCAACCCCTGGACTGCATTGGAAACTGTGAGGCTTGAGTGCCGGAGAGGTAAGCGGAATTCCTAGTGTAGCGGTGAAATGCGTAGATATTAGGAGGAACACCAGTGGCGAAGGCGGCTTACTGGACGGTAACTGACGTTGAGGCTCGAAAGCGTGGGGAGCAAACAGG,Bacteria,Firmicutes,Clostridia,Lachnospirales,Lachnospiraceae,Marvinbryantia,,Bacteria*Firmicutes*Clostridia*Lachnospirales*Lachnospiraceae*Marvinbryantia*_,1257.463211854694,-0.0003755284055034458,0.0003331093275953547,-1.1273428102848557,0.2625613560847548,0.8853818901235723,0,91,False
TACGTAGGGGGCAAGCGTTATCCGGATTTACTGGGTGTAAAGGGAGCGTAGACGGGATAGCAAGTCTGAAGTGAAAGCCCGGGGCTCAACCCCGGGACTGCTTTGGAAACTGTTGACCTGGAGTGCTGGAGAGGCAAGTGGAATTCCTAGTGTAGCGGTGAAATGCGTAGATATTAGGAGGAACACCAGTGGCGAAGGCGGCTTGCTGGACAGTGACTGACGTTGAGGCTCGAAAGCGTGGGGAGCAAACAGG,Bacteria,Firmicutes,Clostridia,Lachnospirales,Lachnospiraceae,Lachnoclostridium,,Bacteria*Firmicutes*Clostridia*Lachnospirales*Lachnospiraceae*Lachnoclostridium*_,1256.7912473161596,-0.0003394757095080128,0.00027115008723920133,-1.2519845114729262,0.21378392846585534,0.8826670779283483,0,91,False
TACGTAGGGGGCAAGCGTTATCCGGATTTACTGGGTGTAAAGGGAGCGTAGACGGTAAAGCAAGTCTGAAGTGAAAGCCCGCGGCTCAACTGCGGGACTGCTTTGGAAACTGTTTAACTGGAGTGTCGGAGAGGTAAGTGGAATTCCTAGTGTAGCGGTGAAATGCGTAGATATTAGGAGGAACACCAGTGGCGAAGGCGACTTACTGGACGATAACTGACGTTGAGGCTCGAAAGCGTGGGGAGCAAACAGG,Bacteria,Firmicutes,Clostridia,Lachnospirales,Lachnospiraceae,Lachnoclostridium,,Bacteria*Firmicutes*Clostridia*Lachnospirales*Lachnospiraceae*Lachnoclostridium*_,1256.4206443819558,0.00045777006442196513,0.0002790618117128896,1.6403894951163651,0.10437651667758913,0.8826670779283483,0,91,False
TACGTAGGGGGCAAGCGTTATCCGGATTTACTGGGTGTAAAGGGAGCGTAGACGGTAAAGCAAGTCTGAAGTGAAAGCCCGGGGCTCAACCCCGGGACTGCTTTGGAAACTGTTTAACTAGAGTGCTGGAGAGGTAAGCGGAATTCCTAGTGTAGCGGTGAAATGCGTAGATATTAGGAGGAACACCAGTGGCGAAGGCGGCTTACTGGACAGTAACTGACGTTGAGGCTCGAAAGCGTGGGGAGCAAACAGG,Bacteria,Firmicutes,Clostridia,Lachnospirales,Lachnospiraceae,Lachnoclostridium,edouardi,Bacteria*Firmicutes*Clostridia*Lachnospirales*Lachnospiraceae*Lachnoclostridium*edouardi,1264.842667787247,0.003974353745518436,0.0025318652651424717,1.5697335084277455,0.1199479121318619,0.8826670779283483,0,91,False
TACGTAGGGGGCAAGCGTTATCCGGATTTACTGGGTGTAAAGGGAGCGTAGACGGTAATGCAAGTCTGGAGTGAAAACCCGGGGCTCAACCCCGGGACTGCTTTGGAAACTGTGTAACTAGAGTGTCGGAGAGGCAAGTGGAATTCCTAGTGTAGCGGTGAAATGCGTAGATATTAGGAGGAACACCAGTGGCGAAGGCGGCTTGCTGGACGATGACTGACGTTGAGGCTCGAAAGCGTGGGGAGCAAACAGG,Bacteria,Firmicutes,Clostridia,Lachnospirales,Lachnospiraceae,Lachnoclostridium,,Bacteria*Firmicutes*Clostridia*Lachnospirales*Lachnospiraceae*Lachnoclostridium*_,1256.4113460209005,-3.6596644057392054e-05,5.0866381212334876e-05,-0.7194662404747112,0.4736973684644117,0.9539541331513363,0,91,False
TACGTAGGGGGCAAGCGTTATCCGGATTTACTGGGTGTAAAGGGAGCGTAGACGGTACTGTAAGTCTGAAGTGAAAGCCCGCGGCTCAACTGCGGGACTGCTTTGGAAACTATGGAACTAGAGTGTCGGAGAGGTAAGTGGAATTCCTAGTGTAGCGGTGAAATGCGTAGATATTAGGAGGAACACCAGTGGCGAAGGCGACTTACTGGACGATAACTGACGTTGAGGCTCGAAAGCGTGGGGAGCAAACAGG,Bacteria,Firmicutes,Clostridia,Lachnospirales,Lachnospiraceae,Lachnoclostridium,,Bacteria*Firmicutes*Clostridia*Lachnospirales*Lachnospiraceae*Lachnoclostridium*_,1256.3819917418045,6.715864742587628e-06,5.0182602178345404e-05,0.13382854716700265,0.8938336785711694,0.9930777837826986,0,91,False
TACGTAGGGGGCAAGCGTTATCCGGATTTACTGGGTGTAAAGGGAGCGTAGACGGTAGACCAAGTCTGAAGTGAAAGCCCGGGGCTCAACCCCGGAACTGCTTTGGAAACTGGTAAACTAGAGTGCAGGAGAGGTAAGTGGAATTCCTAGTGTAGCGGTGAAATGCGTAGATATTAGGAGGAACACCAGTGGCGAAGGCGGCTTACTGGACTGTAACTGACGTTGAGGCTCGAAAGCGTGGGGAGCAAACAGG,Bacteria,Firmicutes,Clostridia,Lachnospirales,Lachnospiraceae,,,Bacteria*Firmicutes*Clostridia*Lachnospirales*Lachnospiraceae*_*_,1257.8522942349541,-0.0013181456078904996,0.000781532703588157,-1.6866160582131196,0.09510272176116173,0.8826670779283483,0,91,False
TACGTAGGGGGCAAGCGTTATCCGGATTTACTGGGTGTAAAGGGAGCGTAGACGGTATGGCAAGTCTGATGTGAAAGGCCAGGGCTCAACCCTGGGACTGCATTGGAAACTGTCGAACTAGAGTGTCGGAGAGGCAAGTGGAATTCCTAGTGTAGCGGTGAAATGCGTAGATATTAGGAGGAACACCAGTGGCGAAGGCGGCTTGCTGGACGATGACTGACGTTGAGGCTCGAAAGCGTGGGGAGCAAACAGG,Bacteria,Firmicutes,Clostridia,Lachnospirales,Lachnospiraceae,Roseburia,,Bacteria*Firmicutes*Clostridia*Lachnospirales*Lachnospiraceae*Roseburia*_,1259.5684306632504,-0.00100652029287264,0.0006634091373533542,-1.5171938946878467,0.13268414114364474,0.8826670779283483,0,91,False
TACGTAGGGGGCAAGCGTTATCCGGATTTACTGGGTGTAAAGGGAGCGTAGACGGTCAAGCAAGTCAGAAGTGAAAGGCTGGGGCTCAACCCCGGGACTGCTTTTGAAACTGTTTGACTAGAGTGCTGGAGAGGTAAGCGGAATTCCTAGTGTAGCGGTGAAATGCGTAGATATTAGGAGGAACACCAGTGGCGAAGGCGGCTTACTGGACAGTAACTGACGTTGAGGCTCGAAAGCGTGGGGAGCAAACAGG,Bacteria,Firmicutes,Clostridia,Lachnospirales,Lachnospiraceae,,,Bacteria*Firmicutes*Clostridia*Lachnospirales*Lachnospiraceae*_*_,1256.8965873322952,0.0001378818519346568,0.0006861175474508911,0.20095951844829574,0.8411787143013728,0.9930777837826986,0,91,False
TACGTAGGGGGCAAGCGTTATCCGGATTTACTGGGTGTAAAGGGAGCGTAGACGGTCAAGCAAGTCAGAAGTGAAAGGCTGGGGCTCAACCCCGGGACTGCTTTTGAAACTGTTTGACTGGAGTGCTGGAGAGGTAAGCGGAATTCCTAGTGTAGCGGTGAAATGCGTAGATATTAGGAGGAACACCAGTGGCGAAGGCGGCTTACTGGACAGTAACTGACGTTGAGGCTCGAAAGCGTGGGGAGCAAACAGG,Bacteria,Firmicutes,Clostridia,Lachnospirales,Lachnospiraceae,,,Bacteria*Firmicutes*Clostridia*Lachnospirales*Lachnospiraceae*_*_,1259.5601341367076,-0.0008292917207740511,0.0008190014651451058,-1.0125643922103633,0.3139530198658224,0.9189073084248836,0,91,False
TACGTAGGGGGCAAGCGTTATCCGGATTTACTGGGTGTAAAGGGAGCGTAGACGGTGAAGCAAGTCTGAAGTGAAAGGTTGGGGCTCAACCCCGAAACTGCTTTGGAAACTGTTTAACTGGAGTACAGGAGAGGTAAGTGGAATTCCTAGTGTAGCGGTGAAATGCGTAGATATTAGGAGGAACACCAGTGGCGAAGGCGGCTTACTGGACTGTAACTGACGTTGAGGCTCGAAAGCGTGGGGAGCAAACAGG,Bacteria,Firmicutes,Clostridia,Lachnospirales,Lachnospiraceae,Lachnospiraceae_NK4A136_group,,Bacteria*Firmicutes*Clostridia*Lachnospirales*Lachnospiraceae*Lachnospiraceae_NK4A136_group*_,1256.6387690204174,0.00035501326803796877,0.000656346106906041,0.5408933858257661,0.5899026666187792,0.958522368789967,0,91,False
TACGTAGGGGGCAAGCGTTATCCGGATTTACTGGGTGTAAAGGGAGCGTAGACGGTGAAGCAAGTCTGGAGTGAAAACCCGGGGCTTAACCCCGGGATTGCTTTGGAAACTGTTTAACTGGAGTGCAGGAGAGGTAAGCGGAATTCCTAGTGTAGCGGTGAAATGCGTAGATATTAGGAGGAACACCAGTGGCGAAGGCGGCTTACTGGACTGTAACTGACGTTGAGGCTCGAAAGCGTGGGGAGCAAACAGG,Bacteria,Firmicutes,Clostridia,Lachnospirales,Lachnospiraceae,Eisenbergiella,,Bacteria*Firmicutes*Clostridia*Lachnospirales*Lachnospiraceae*Eisenbergiella*_,1256.4465990022834,0.0002275543841920048,0.0002475103475779196,0.919373215781888,0.3603310030898521,0.9319309982193569,0,91,False
TACGTAGGGGGCAAGCGTTATCCGGATTTACTGGGTGTAAAGGGAGCGTAGACGGTGTGACAAGTCTGATGTGAAAGGCATGGGCTCAACCTGTGGACTGCATTGGAAACTGTCATACTTGAGTGCCGGAGGGGTAAGCGGAATTCCTAGTGTAGCGGTGAAATGCGTAGATATTAGGAGGAACACCAGTGGCGAAGGCGGCTTACTGGACGGTAACTGACGTTGAGGCTCGAAAGCGTGGGGAGCAAACAGG,Bacteria,Firmicutes,Clostridia,Lachnospirales,Lachnospiraceae,Blautia,,Bacteria*Firmicutes*Clostridia*Lachnospirales*Lachnospiraceae*Blautia*_,1256.7156791400423,-0.00038600984881344405,0.0002822368277821509,-1.3676806526162917,0.17478032243470984,0.8826670779283483,0,91,False
TACGTAGGGGGCAAGCGTTATCCGGATTTACTGGGTGTAAAGGGAGCGTAGACGGTGTGGCAAGTCTGATGTGAAAGGCATGGGCTCAACCTGTGGACTGCATTGGAAACTGTCATACTTGAGTGCCGGAGGGGTAAGCGGAATTCCTAGTGTAGCGGTGAAATGCGTAGATATTAGGAGGAACACCAGTGGCGAAGGCGGCTTACTGGACGGTAACTGACGTTGAGGCTCGAAAGCGTGGGGAGCAAACAGG,Bacteria,Firmicutes,Clostridia,Lachnospirales,Lachnospiraceae,Blautia,,Bacteria*Firmicutes*Clostridia*Lachnospirales*Lachnospiraceae*Blautia*_,1308.4172742192914,0.03162580771068872,0.01866789038749296,1.6941286376888764,0.09366094220611011,0.8826670779283483,0,91,False
TACGTAGGGGGCAAGCGTTATCCGGATTTACTGGGTGTAAAGGGAGCGTAGACGGTGTGGCAAGTCTGATGTGAAAGGCATGGGCTCAACCTGTGGACTGCATTGGAAACTGTCATACTTGAGTGCCGGAGGGGTAAGCGGAATTCCTAGTGTAGCGGTGAAATGCGTAGATATTAGGAGGAACACCAGTGGCGAAGGCGGCTTGCTGGACGGTAACTGACGTTGAGGCTCGAAAGCGTGGGGAGCAAACAGG,Bacteria,Firmicutes,Clostridia,Lachnospirales,Lachnospiraceae,Blautia,,Bacteria*Firmicutes*Clostridia*Lachnospirales*Lachnospiraceae*Blautia*_,1257.1106547100458,-0.0008393659881240783,0.00043911590262399715,-1.9114907547377173,0.05908849228361547,0.8826670779283483,0,91,False
TACGTAGGGGGCAAGCGTTATCCGGATTTACTGGGTGTAAAGGGAGCGTAGACGGTGTGGCAAGTCTGATGTGAAAGGCATGGGCTCAACCTGTGGACTGCATTGGAAACTGTCATGCTTGAGTGCCGGAGGGGTAAGCGGAATTCCTAGTGTAGCGGTGAAATGCGTAGATATTAGGAGGAACACCAGTAGCGAAGGCGGCTTACTGGACGGTAACTGACGTTGAGGCTCGAAAGCGTGGGGAGCAAACAGG,Bacteria,Firmicutes,Clostridia,Lachnospirales,Lachnospiraceae,Blautia,,Bacteria*Firmicutes*Clostridia*Lachnospirales*Lachnospiraceae*Blautia*_,1256.6340373659432,0.0006252048972156992,0.000794279574082103,0.787134552639362,0.43324838818489053,0.9539541331513363,0,91,False
TACGTAGGGGGCAAGCGTTATCCGGATTTACTGGGTGTAAAGGGAGCGTAGACGGTGTTGCAAGTCTGATGTGAAAGGCGGGGGCTCAACCCCTGGACTGCATTGGAAACTGTGATACTCGAGTGCCGGAGAGGTAAGCGGAATTCCTAGTGTAGCGGTGAAATGCGTAGATATTAGGAGGAACACCAGTGGCGAAGGCGGCTTACTGGACGGTAACTGACGTTGAGGCTCGAAAGCGTGGGGAGCAAACAGG,Bacteria,Firmicutes,Clostridia,Lachnospirales,Lachnospiraceae,Blautia,,Bacteria*Firmicutes*Clostridia*Lachnospirales*Lachnospiraceae*Blautia*_,1256.6921222287815,-4.1921607696819956e-05,0.0003476892941293853,-0.12057204062550085,0.9042958343290234,0.9930777837826986,0,91,False
TACGTAGGGGGCAAGCGTTATCCGGATTTACTGGGTGTAAAGGGAGCGTAGACGGTTAAGCAAGTCAGAAGTGAAAGGCTGGGGCTCAACCCCGGGACTGCTTTTGAAACTGTTTAACTAGAGTGCTGGAGAGGTAAGCGGAATTCCTAGTGTAGCGGTGAAATGCGTAGATATTAGGAGGAACACCAGTGGCGAAGGCGGCTTACTGGACAGTAACTGACGTTGAGGCTCGAAAGCGTGGGGAGCAAACAGG,Bacteria,Firmicutes,Clostridia,Lachnospirales,Lachnospiraceae,Lachnoclostridium,,Bacteria*Firmicutes*Clostridia*Lachnospirales*Lachnospiraceae*Lachnoclostridium*_,1257.1936664546859,0.00022153701276592054,0.0005020642722880871,0.4412522957594589,0.6600769968499441,0.9706987547576728,0,91,False
TACGTAGGGGGCAAGCGTTATCCGGATTTACTGGGTGTAAAGGGAGCGTAGACGGTTAAGCAAGTCTGAAGTGAAAGCCCGGGGCTCAACCCCGGTACTGCTTTGGAAACTGTTTGACTTGAGTGCAGGAGAGGTAAGTGGAATTCCTAGTGTAGCGGTGAAATGCGTAGATATTAGGAGGAACACCAGTGGCGAAGGCGGCTTACTGGACTGTAACTGACGTTGAGGCTCGAAAGCGTGGGGAGCAAACAGG,Bacteria,Firmicutes,Clostridia,Lachnospirales,Lachnospiraceae,Hungatella,,Bacteria*Firmicutes*Clostridia*Lachnospirales*Lachnospiraceae*Hungatella*_,1256.4810620763942,3.147275978394385e-05,0.00013074415435146476,0.24072020611597808,0.8103134804133745,0.9930777837826986,0,91,False
TACGTAGGGGGCAAGCGTTATCCGGATTTACTGGGTGTAAAGGGAGCGTAGACGGTTATGTAAGTCTGATGTGAAAACCCGGGGCTCAACCCCGGGACTGCATTGGAAACTATGTAACTAGAGTGTCGGAGAGGTAAGTGGAATTCCTAGTGTAGCGGTGAAATGCGTAGATATTAGGAGGAACACCAGTGGCGAAGGCGGCTTACTGGACGATGACTGACGTTGAGGCTCGAAAGCGTGGGGAGCAAACAGG,Bacteria,Firmicutes,Clostridia,Lachnospirales,Lachnospiraceae,,,Bacteria*Firmicutes*Clostridia*Lachnospirales*Lachnospiraceae*_*_,1256.4161476624488,0.0001161532675488462,7.666237101227733e-05,1.5151275132130269,0.1332060264817078,0.8826670779283483,0,91,False
TACGTAGGGGGCAAGCGTTATCCGGATTTACTGGGTGTAAAGGGAGCGTAGACGGTTTAGCAAGTCTGAAGTGAAAGCCCGGGGCTCAACCCCGGTACTGCTTTGGAAACTGTTAGACTTGAGTGCAGGAGAGGTAAGTGGAATTCCTAGTGTAGCGGTGAAATGCGTAGATATTAGGAGGAACACCAGTGGCGAAGGCGGCTTACTGGACTGTAACTGACGTTGAGGCTCGAAAGCGTGGGGAGCAAACAGG,Bacteria,Firmicutes,Clostridia,Lachnospirales,Lachnospiraceae,Hungatella,hathewayi,Bacteria*Firmicutes*Clostridia*Lachnospirales*Lachnospiraceae*Hungatella*hathewayi,1256.562032163081,0.0017236191543448433,0.0017348097101118863,0.9935494044667751,0.32307685882482795,0.9189073084248836,0,91,False
TACGTAGGGGGCAAGCGTTATCCGGATTTACTGGGTGTAAAGGGAGCGTAGACGGTTTTGCAAGTCTGAAGTGAAAGCCCGGGGCTTAACCCCGGGACTGCTTTGGAAACTGTAGAACTAGAGTGCAGGAGAGGTAAGTGGAATTCCTAGTGTAGCGGTGAAATGCGTAGATATTAGGAGGAACACCAGTGGCGAAGGCGGCTTACTGGACTGTAACTGACGTTGAGGCTCGAAAGCGTGGGGAGCAAACAGG,Bacteria,Firmicutes,Clostridia,Lachnospirales,Lachnospiraceae,Lachnospiraceae_NK4A136_group,bacterium,Bacteria*Firmicutes*Clostridia*Lachnospirales*Lachnospiraceae*Lachnospiraceae_NK4A136_group*bacterium,1262.048810603129,0.0045732718060817615,0.00357082314909892,1.2807332133588873,0.20354198030835033,0.8826670779283483,0,91,False
TACGTAGGGGGCAAGCGTTATCCGGATTTACTGGGTGTAAAGGGAGCGTAGACGGTTTTGCAAGTCTGAAGTGAAAGCCCGGGGCTTAACCCCGGGACTGCTTTGGAAACTGTAGGACTAGAGTGCAGGAGAGGTAAGTGGAATTCCTAGTGTAGCGGTGAAATGCGTAGATATTAGGAGGAACACCAGTGGCGAAGGCGGCTTACTGGACTGTAACTGACGTTGAGGCTCGAAAGCGTGGGGAGCAAACAGG,Bacteria,Firmicutes,Clostridia,Lachnospirales,Lachnospiraceae,Lachnospiraceae_NK4A136_group,,Bacteria*Firmicutes*Clostridia*Lachnospirales*Lachnospiraceae*Lachnospiraceae_NK4A136_group*_,1275.7436797057928,-0.010722196469318941,0.005325639030107518,-2.0133164130544676,0.04703573316340485,0.8826670779283483,0,91,False
TACGTAGGGGGCAAGCGTTATCCGGATTTACTGGGTGTAAAGGGAGCGTAGATGGCATGGCAAGTCTGAAGTGAAAGCCCGGGGCTTAACCCCGGGACTGCTTTGGAAACTGTTAAGCTAGAGTGCAGGAGAGGTAAGCGGAATTCCTAGTGTAGCGGTGAAATGCGTAGATATTAGGAGGAACACCGGTGGCGAAGGCGGCTTACTGGACTGTAACTGACATTGAGGCTCGAAAGCGTGGGGAGCAAACAGG,Bacteria,Firmicutes,Clostridia,Lachnospirales,Lachnospiraceae,Lachnospiraceae_UCG-003,,Bacteria*Firmicutes*Clostridia*Lachnospirales*Lachnospiraceae*Lachnospiraceae_UCG-003*_,1257.7778038607503,-0.0009943184176505531,0.0007312462090254744,-1.3597587315709614,0.17726586414188264,0.8826670779283483,0,91,False
TACGTAGGGGGCAAGCGTTATCCGGATTTACTGGGTGTAAAGGGAGCGTAGGCGGCAGCGCAAGTCAGAAGTGAAAGCCCGGGGCTCAACTCCGGGACTGCTTTTGAAACTGTGTAGCTAGATTGCAGGAGAGGTAAGTGGAATTCCTAGTGTAGCGGTGAAATGCGTAGATATTAGGAGGAACACCAGTGGCGAAGGCGGCTTACTGGACTGTAAATGACGCTGAGGCTCGAAAGCGTGGGGAGCAAACAGG,Bacteria,Firmicutes,Clostridia,Lachnospirales,Lachnospiraceae,GCA-900066575,,Bacteria*Firmicutes*Clostridia*Lachnospirales*Lachnospiraceae*GCA-900066575*_,1256.3819917418045,5.502055910526485e-05,8.778577362533037e-05,0.6267594034096295,0.5323862075157277,0.9539541331513363,0,91,False
TACGTAGGGGGCAAGCGTTATCCGGATTTACTGGGTGTAAAGGGAGCGTAGGCGGCCATGCAAGTCAGAAGTGAAAGCCCGGGGCTCAACCCCGGGACTGCTTTTGAAACTGTAAGGCTAGATTGCCGGAGAGGTAAGCGGAATTCCTAGTGTAGCGGTGAAATGCGTAGATATTAGGAGGAACACCAGTGGCGAAGGCGGCTTACTGGACGGTGAATGACGCTGAGGCTCGAAAGCGTGGGGAGCAAACAGG,Bacteria,Firmicutes,Clostridia,Lachnospirales,Lachnospiraceae,Frisingicoccus,,Bacteria*Firmicutes*Clostridia*Lachnospirales*Lachnospiraceae*Frisingicoccus*_,1256.7049939526212,0.00033493797095370095,0.00029959481892196516,1.1179698372585727,0.2665226108056054,0.8853818901235723,0,91,False
TACGTAGGGGGCAAGCGTTATCCGGATTTACTGGGTGTAAAGGGAGCGTAGGCGGCCATGCAAGTCAGAAGTGAAAGCCCGGGGCTCAACCCCGGGACTGCTTTTGAAACTGTAGGGCTAGATTGCCGGAGAGGTGAGCGGAATTCCTAGTGTAGCGGTGAAATGCGTAGATATTAGGAGGAACACCAGTGGCGAAGGCGGCTCACTGGACGGTAAATGACGCTGAGGCTCGAAAGCGTGGGGAGCAAACAGG,Bacteria,Firmicutes,Clostridia,Lachnospirales,Lachnospiraceae,Frisingicoccus,caecimuris,Bacteria*Firmicutes*Clostridia*Lachnospirales*Lachnospiraceae*Frisingicoccus*caecimuris,1256.4525924121344,-8.39577153698818e-05,7.452457872560271e-05,-1.1265775238933133,0.2628832276189255,0.8853818901235723,0,91,False
TACGTAGGGGGCAAGCGTTATCCGGATTTACTGGGTGTAAAGGGAGCGTAGGCGGCGATGCAAGTCAGAAGTGAAAGCCCAGGGCTTAACCGTGGGACTGCTTTTGAAACTGTGTTGCTGGATTGCCGGAGAGGTAAGTGGAATTCCTAGTGTAGCGGTGAAATGCGTAGATATTAGGAGGAACACCAGTGGCGAAGGCGGCTTACTGGACGGTGAATGACGCTGAGGCTCGAAAGCGTGGGGAGCAAACAGG,Bacteria,Firmicutes,Clostridia,Lachnospirales,Lachnospiraceae,GCA-900066575,,Bacteria*Firmicutes*Clostridia*Lachnospirales*Lachnospiraceae*GCA-900066575*_,1256.4027270259717,-1.58734739784143e-05,5.175828791484252e-05,-0.3066846802299719,0.7597840343450429,0.9930777837826986,0,91,False
TACGTAGGGGGCAAGCGTTATCCGGATTTACTGGGTGTAAAGGGAGCGTAGGCGGCGGAGCAAGTCAGAAGTGAAAGCCCGGGGCTCAACCCCGGGACGGCTTTTGAAACTGCCCTGCTTGATTTCAGGAGAGGTAAGCGGAATTCCTAGTGTAGCGGTGAAATGCGTAGATATTAGGAGGAACACCAGTGGCGAAGGCGGCTTACTGGACTGACAATGACGCTGAGGCTCGAAAGCGTGGGGAGCAAACAGG,Bacteria,Firmicutes,Clostridia,Lachnospirales,Lachnospiraceae,Coprococcus,catus,Bacteria*Firmicutes*Clostridia*Lachnospirales*Lachnospiraceae*Coprococcus*catus,1261.219698781559,-0.0021488554999198333,0.0009129088298911956,-2.3538555325135184,0.02073195510029548,0.75962931211253,0,91,False
TACGTAGGGGGCAAGCGTTATCCGGATTTACTGGGTGTAAAGGGAGCGTAGGCGGTCAGACAAGTCAGAAGTGAAAGCCCGGGGCTCAACTCCGGGACTGCTTTTGAAACTGCCTGACTAGATTGCAGGAGAGGTAAGTGGAATTCCTAGTGTAGCGGTGAAATGCGTAGATATTAGGAGGAACACCAGTGGCGAAGGCGGCTTACTGGACTGTAAATGACGCTGAGGCTCGAAAGCGTGGGGAGCAAACAGG,Bacteria,Firmicutes,Clostridia,Lachnospirales,Lachnospiraceae,GCA-900066575,,Bacteria*Firmicutes*Clostridia*Lachnospirales*Lachnospiraceae*GCA-900066575*_,1256.3819917418045,8.281833675720187e-05,0.0001253289818919737,0.660807544328306,0.5104051992350276,0.9539541331513363,0,91,False
TACGTAGGGGGCAAGCGTTATCCGGATTTACTGGGTGTAAAGGGAGCGTAGGCGGTCTGACAAGTCAGAAGTGAAAGCCCGGGGCTCAACCTCGGGACTGCTTTTGAAACTGCCGGACTAGATTGCAGGAGAGGTAAGTGGAATTCCTAGTGTAGCGGTGAAATGCGTAGATATTAGGAGGAACACCAGTGGCGAAGGCGGCTTACTGGACTGTAAATGACGCTGAGGCTCGAAAGCGTGGGGAGCAAACAGG,Bacteria,Firmicutes,Clostridia,Lachnospirales,Lachnospiraceae,GCA-900066575,,Bacteria*Firmicutes*Clostridia*Lachnospirales*Lachnospiraceae*GCA-900066575*_,1256.85508412987,-0.00014268100672963323,0.00023535160281673074,-0.6062461654052959,0.5458606544571507,0.9539541331513363,0,91,False
TACGTAGGGGGCAAGCGTTATCCGGATTTACTGGGTGTAAAGGGAGCGTAGGCGGTCTGACAAGTCAGAAGTGAAAGCCCGGGGCTCAACTCCGGGACTGCTTTTGAAACTGCCGGACTAGATTGCAGGAGAGGTAAGTGGAATTCCTAGTGTAGCGGTGAAATGCGTAGATATTAGGAGGAACACCAGTGGCGAAGGCGGCTTACTGGACTGTAAATGACGCTGAGGCTCGAAAGCGTGGGGAGCAAACAGG,Bacteria,Firmicutes,Clostridia,Lachnospirales,Lachnospiraceae,GCA-900066575,,Bacteria*Firmicutes*Clostridia*Lachnospirales*Lachnospiraceae*GCA-900066575*_,1257.307287646893,-8.05498141480439e-05,0.0004605501451486138,-0.1748991179278675,0.8615474575801607,0.9930777837826986,0,91,False
TACGTAGGGGGCAAGCGTTATCCGGATTTACTGGGTGTAAAGGGAGCGTAGGCGGTCTGGCAAGCCAGAAGTGAAAGCCCGGGGCTTAACCCCGGGACTGCTTTTGGAACTGTTAGACTAGAGTGTCGGAGAGGTAAGTGGAATTCCTAGTGTAGCGGTGAAATGCGTAGATATTAGGAGGAACACCAGTGGCGAAGGCGGCTTACTGGACGATAACTGACGCTGAGGCTCGAAAGCGTGGGGAGCAAACAGG,Bacteria,Firmicutes,Clostridia,Lachnospirales,Lachnospiraceae,,,Bacteria*Firmicutes*Clostridia*Lachnospirales*Lachnospiraceae*_*_,1256.9459166552897,-6.6945115856311e-05,0.00019204593937873206,-0.34858907234840897,0.728203036594574,0.9886333883312699,0,91,False
TACGTAGGGGGCAAGCGTTATCCGGATTTACTGGGTGTAAAGGGAGCGTAGGTGGCAAGGCAAGTCAGATGTGAAAACCCGGGGCTCAACCCCGGGACTGCATTTGAAACTGTCTAGCTAGAGTGCAGGAGAGGTAAGTGGAATTCCTAGTGTAGCGGTGAAATGCATAGATATTAGGAGGAACACCAGTGGCGAAGGCGGCTTACTGGACTGTAACTGACACTGAGGCTCGAAAGCGTGGGGAGCAAACAGG,Bacteria,Firmicutes,Clostridia,Lachnospirales,Lachnospiraceae,,,Bacteria*Firmicutes*Clostridia*Lachnospirales*Lachnospiraceae*_*_,1257.7096819364085,-0.0006603315351466214,0.0005308017002055483,-1.2440267898367956,0.21668462430182311,0.8826670779283483,0,91,False
TACGTAGGGGGCAAGCGTTATCCGGATTTACTGGGTGTAAAGGGAGCGTAGGTGGTAGTGCAAGTCAGAAGTGAAAACCCAAGGCTTAACCATGGGATTGCTTTTGAAACTGCATAACTAGAGTGCTGGAGAGGTAAGTGGAATTCCTAGTGTAGCGGTGAAATGCGTAGATATTAGGAGGAACACCGGTGGCGAAGGCGGCTTACTGGACAGTAACTGACACTGAGGCTCGAAAGCGTGGGGAGCAAACAGG,Bacteria,Firmicutes,Clostridia,Lachnospirales,Lachnospiraceae,,,Bacteria*Firmicutes*Clostridia*Lachnospirales*Lachnospiraceae*_*_,1256.4359275785541,-4.031398738843384e-05,5.7022798819808184e-05,-0.7069801592136135,0.4813852882379137,0.9539541331513363,0,91,False
TACGTAGGGGGCAAGCGTTATCCGGATTTACTGGGTGTAAAGGGAGCGTAGGTGGTATGGCAAGTCAGAGGTGAAAACCCAGGGCTTAACCTTGGGATTGCCTTTGAAACTGTCAGACTAGAGTGCAGGAGGGGTAAGTGGAATTCCTAGTGTAGCGGTGAAATGCGTAGATATTAGGAGGAACACCAGTGGCGAAGGCGGCTTACTGGACTGTAACTGACACTGAGGCTCGAAAGCGTGGGGAGCAAACAGG,Bacteria,Firmicutes,Clostridia,Lachnospirales,Lachnospiraceae,,,Bacteria*Firmicutes*Clostridia*Lachnospirales*Lachnospiraceae*_*_,1257.4198304225981,-0.0008574738652367107,0.00028810900329681246,-2.976213361695377,0.0037380706279211253,0.49467134642822896,0,91,False
TACGTAGGGGGCAAGCGTTATCCGGATTTACTGGGTGTAAAGGGAGTGTAGGTGGCTGTGCAAGTCAGGAGTGAAAGCCCGGGGCTCAACCCCGGGACTGCTCTTGAAACTGCGCAGCTTGAGTGCAGGAGGGGCAGGCGGAATTCCTAGTGTAGCGGTGAAATGCGTAGATATTAGGAGGAACACCGGTGGCGAAGGCGGCCTGCTGGACTGTAACTGACACTGAGGCTCGAAAGCGTGGGGAGCAAACAGG,Bacteria,Firmicutes,Clostridia,Lachnospirales,Lachnospiraceae,,,Bacteria*Firmicutes*Clostridia*Lachnospirales*Lachnospiraceae*_*_,1256.4630500585001,-7.248047150475365e-05,8.56151790001999e-05,-0.8465843598199383,0.3994476780351821,0.9450353176710072,0,91,False
TACGTAGGGGGCAAGCGTTATCCGGATTTACTGGGTGTAAAGGGTGCGTAGGTGGCAAGGCAAGTCAGATGTGAAAGCCCGGGGCTCAACCCCGGTACTGCATTTGAAACTGTCTAGCTAGAGTGCAGGAGAGGTAAGCGGAATTCCTAGTGTAGCGGTGAAATGCGTAGATATTAGGAGGAACACCAGTGGCGAAGGCGGCTTACTGGACTGTAACTGACACTGAGGCACGAAAGCGTGGGGAGCAAACAGG,Bacteria,Firmicutes,Clostridia,Lachnospirales,Lachnospiraceae,,,Bacteria*Firmicutes*Clostridia*Lachnospirales*Lachnospiraceae*_*_,1264.0514109071628,-0.00625795072985327,0.0024018372829139934,-2.60548488208198,0.01071724733814167,0.75962931211253,0,91,False
TACGTAGGGGGCAAGCGTTATCCGGATTTACTGGGTGTAAAGGGTGCGTAGGTGGCAAGGCAAGTCAGATGTGAAAGCCCGGGGCTCAACCCCGGTATTGCATTTGAAACTGTTTAGCTAGAGTGCAGGAGAGGTAAGTGGAATTCCTAGTGTAGCGGTGAAATGCGTAGATATTAGGAGGAACACCAGTGGCGAAGGCGGCTTACTGGACTGTAACTGACACTGAGGCACGAAAGCGTGGGGAGCAAACAGG,Bacteria,Firmicutes,Clostridia,Lachnospirales,Lachnospiraceae,,,Bacteria*Firmicutes*Clostridia*Lachnospirales*Lachnospiraceae*_*_,1258.7108007011575,-0.001519590610458934,0.0009370182931724968,-1.6217299294275258,0.10832105277651935,0.8826670779283483,0,91,False
TACGTAGGGGGCAAGCGTTATCCGGATTTATTGGGCGTAAAGCGTGTGTAGGCGGTTTATTAAGTTTAAGATTAAAGCCCGGGGCTCAACTCCGGTAAGTCTTAAAAACTGGTAGACTTGAGTACGGTAGAGGCAAACGGAATTTCTAGTGTAGCGGTGAAATGCGTAGATATTAGAAGGAACACCAGTGGCGAAAGCGGTTTGCTGGGCCGTTACTGACGCTGAGGCACGAAAGCGTGGGGAGCAAATAGG,Bacteria,Firmicutes,Bacilli,RF39,,,,Bacteria*Firmicutes*Bacilli*RF39*_*_*_,1256.534567684127,-0.00017808101237604948,0.00013248496132926504,-1.3441602019527674,0.18223806807596682,0.8826670779283483,0,91,False
TACGTAGGGGGCAAGCGTTATCCGGATTTATTGGGCGTAAAGCGTGTGTAGGCGGTTTGTTAAGTTTAAGATTAAAGCCTGGGGCTCAACTCCAGTTCGTCTTAAAAACTGGCAGACTAGAGTACGGTAGAGGCAAACGGAATTTCTAGTGTAGCGGTGAAATGCGTAGATATTAGAAGGAACACCAGTGGCGAAAGCGGTTTGCTGGGCCGTTACTGACGCTGAGGCACGAAAGCGTGGGGAGCAAATAGG,Bacteria,Firmicutes,Bacilli,RF39,,,,Bacteria*Firmicutes*Bacilli*RF39*_*_*_,1256.7423912498757,-0.0003401625234919266,0.0002118438910522084,-1.6057225997991813,0.11179970087737852,0.8826670779283483,0,91,False
TACGTAGGGGGCAAGCGTTGTCCGGAATAATTGGGCGTAAAGGGCGCGTAGGCGGCTCGGTAAGTCTGGAGTGAAAGTCCTGCTTTTAAGGTGGGAATTGCTTTGGATACTGTCGGGCTTGAGTGCAGGAGAGGTTAGTGGAATTCCCAGTGTAGCGGTGAAATGCGTAGAGATTGGGAGGAACACCAGTGGCGAAGGCGACTAACTGGACTGTAACTGACGCTGAGGCGCGAAAGTGTGGGGAGCAAACAGG,Bacteria,Firmicutes,Clostridia,Christensenellales,Christensenellaceae,Christensenellaceae_R-7_group,,Bacteria*Firmicutes*Clostridia*Christensenellales*Christensenellaceae*Christensenellaceae_R-7_group*_,1286.879532995808,-0.017394002218634422,0.009761263277564686,-1.7819417143079057,0.07809441650460969,0.8826670779283483,0,91,False
TACGTAGGGGGCAAGCGTTGTCCGGAATCACTGGGCGTAAAGGGCGCGTAGGCGGCAATATAAGTCAGATGTGAAAGGTGAGGGCTCAACCCTTAGACTGCATCTGATACTGTATAGCTTGAGTGTGAGAGAGGAAAGCGGAATTCCTAGTGTAGCGGTGAAATGCGTAGATATTAGGAGGAACACCAGTGGCGAAGGCGGCTTTCTGGCTCATAACTGACGCTGAGGCGCGAAAGCGTGGGGAGCAAACAGG,Bacteria,Firmicutes,Clostridia,Peptococcales,Peptococcaceae,Peptococcus,,Bacteria*Firmicutes*Clostridia*Peptococcales*Peptococcaceae*Peptococcus*_,1257.5502812494967,-0.0006236726947496608,0.000520757488201741,-1.1976259753907763,0.23417288528038516,0.8853818901235723,0,91,False
TACGTAGGGGGCAAGCGTTGTCCGGAATCACTGGGCGTAAAGGGCGCGTAGGCGGCAATATAAGTCAGATGTGAAAGGTGAGGGCTCAACCCTTAGACTGCATCTGATACTGTATAGCTTGAGTGTGAGAGAGGAAAGTGGAATTCCTAGTGTAGCGGTGAAATGCGTAGATATTAGGAGGAACACCAGTGGCGAAGGCGACTTTCTGGCTCATAACTGACGCTGAGGCGCGAAAGCGTGGGGAGCAAACAGG,Bacteria,Firmicutes,Clostridia,Peptococcales,Peptococcaceae,Peptococcus,,Bacteria*Firmicutes*Clostridia*Peptococcales*Peptococcaceae*Peptococcus*_,1256.4461833692585,-7.659864904922242e-05,6.86387616018838e-05,-1.1159678184974735,0.26737410460646144,0.8853818901235723,0,91,False
TACGTAGGGGGCAAGCGTTGTCCGGAATGACTGGGCGTAAAGGGAGTGTAGGCGGCATAGCAAGTTAGATGTGAAAGCCCGCAGCTTAACTGCGGAACTGCATCTAAAACTGCTGAGCTTGAGTGCAGGAGAGGTAAGTGGAATTCCTAGTGTAGCGGTGGAATGCGTAGATATTAGGAGGAACATCAGAGGCGAAGGCGACTTACTGGACTGTAACTGACGCTGAGGCTCGAAAGCGTGGGGAGCAAACAGG,Bacteria,Firmicutes,Clostridia,Clostridia_vadinBB60_group,,,,Bacteria*Firmicutes*Clostridia*Clostridia_vadinBB60_group*_*_*_,1256.4529278070045,-7.549315669035995e-05,6.894459470437492e-05,-1.094982964423308,0.2764138004104356,0.8853818901235723,0,91,False
TACGTAGGGGGCAAGCGTTGTCCGGAATGACTGGGCGTAAAGGGCGTGTAGGCGGCCGATTAAGTGTGGAGTGAAAGTCCACTTTTCAAGGGTGGAATTGCTTTGCAGACTGGTTGGCTTGAGTGCGGAAGAGGTAAGTGGAATTCCCAGTGTAGCGGTGAAATGCGTAGAGATTGGGAGGAACACCAGTGGCGAAGGCGACTTACTGGGCCGTAACTGACGCTGAGGCGCGAAAGCGTGGGGAGCGAACAGG,Bacteria,Firmicutes,Clostridia,Christensenellales,Christensenellaceae,Christensenellaceae_R-7_group,,Bacteria*Firmicutes*Clostridia*Christensenellales*Christensenellaceae*Christensenellaceae_R-7_group*_,1256.4154957110056,-1.9184355332415562e-05,5.4875104927435344e-05,-0.34960033985874267,0.7274464180273446,0.9886333883312699,0,91,False
TACGTAGGGGGCAAGCGTTGTCCGGAATGACTGGGCGTAAAGGGCGTGTAGGCGGCCTGATAAGTATGAAGTGAAAGTCCTGCTTTCAAGGTGGGAATTGCTTTGTAGACTGTCGGGCTTGAGTGCGGAAGAGGTAAGTGGAATTCCCAGTGTAGCGGTGAAATGCGTAGAGATTGGGAGGAACACCAGTGGCGAAGGCGACTTACTGGGCCGTAACTGACGCTGAGGCGCGAAAGCGTGGGGAGCGAACAGG,Bacteria,Firmicutes,Clostridia,Christensenellales,Christensenellaceae,Christensenellaceae_R-7_group,,Bacteria*Firmicutes*Clostridia*Christensenellales*Christensenellaceae*Christensenellaceae_R-7_group*_,1256.4544315759854,-2.142813615199258e-05,7.196294626120658e-05,-0.2977662431192586,0.7665603281105784,0.9930777837826986,0,91,False
TACGTAGGGGGCAAGCGTTGTCCGGAATGACTGGGCGTAAAGGGTGTGTAGGCGGGCTCGCAAGTTGGATGTGTAATACCCAGAGCTTAACTCGGGTGCTGCATCTGAAACTACGAGTCTTGAGTGTCGGAGAGGTAAGTGGAATTCCTAGTGTAGCGGTGGAATGCGTAGATATTAGGAGGAACATCAGTGGCGAAGGCGACTTACTGGACGATAACTGACGCTGAGGCACGAAAGCGTGGGGAGCAAACAGG,Bacteria,Firmicutes,Clostridia,Clostridia_vadinBB60_group,,,,Bacteria*Firmicutes*Clostridia*Clostridia_vadinBB60_group*_*_*_,1257.5991262538569,-0.00031006861412367296,0.0011805512312194327,-0.26264731756146853,0.7934161253520526,0.9930777837826986,0,91,False
TACGTAGGGGGCAAGCGTTGTCCGGAATGATTGGGCGTAAAGGGCGCGTAGGCGGCCAACTAAGTCTGGAGTGAAAGTCCTGCTTTTAAGGTGGGAATTGCTTTGGAAACTGGATGGCTTGAGTGCAGGAGAGGTAAGCGGAATTCCCGGTGTAGCGGTGAAATGCGTAGAGATCGGGAGGAACACCAGTGGCGAAGGCGGCTTACTGGACTGTAACTGACGCTGAGGCGCGAAAGTGTGGGGAGCAAACAGG,Bacteria,Firmicutes,Clostridia,Christensenellales,Christensenellaceae,Christensenellaceae_R-7_group,,Bacteria*Firmicutes*Clostridia*Christensenellales*Christensenellaceae*Christensenellaceae_R-7_group*_,1256.7537038491118,0.00013325687845155133,0.0002844672679327462,0.4684436259396141,0.6405875368429856,0.9685280873155366,0,91,False
TACGTAGGGGGCAAGCGTTGTCCGGAATGATTGGGCGTAAAGGGCGCGTAGGCGGCCTGGTAAGTTTGAAGTGAAAGTCCTTCTTTTAAGGAGGGAACTGCTTTGAAAACTGTCGGGCTTGAGTGCAGGAGAGGTAAGCGGAATTCCCGGTGTAGCGGTGAAATGCGTAGAGATCGGGAGGAACACCAGTGGCGAAGGCGGCTTACTGGACTGTTACTGACGCTGAGGCGCGAAAGTGTGGGGAGCAAACAGG,Bacteria,Firmicutes,Clostridia,Christensenellales,Christensenellaceae,Christensenellaceae_R-7_group,,Bacteria*Firmicutes*Clostridia*Christensenellales*Christensenellaceae*Christensenellaceae_R-7_group*_,1256.9061862473409,-7.970084332550687e-05,0.0003737489693446605,-0.21324699159774552,0.8316113358434356,0.9930777837826986,0,91,False
TACGTAGGGGGCAAGCGTTGTCCGGAATGATTGGGCGTAAAGGGCGTGTAGGCGGCGATTTAAGTCTGGAGTGAAAGTCCTGCTTTTAAGGTGGGAATTGCTTTGGATACTGGATGGCTAGAGTGCAGGAGAGGTTAGTGGAATTCCCAGTGTAGCGGTGAAATGCGTAGAGATTGGGAGGAACACCAGTGGCGAAGGCGACTAACTGGACTGTAACTGACGCTGAGGCGCGAAAGTGTGGGGAGCAAACAGG,Bacteria,Firmicutes,Clostridia,Christensenellales,Christensenellaceae,Christensenellaceae_R-7_group,,Bacteria*Firmicutes*Clostridia*Christensenellales*Christensenellaceae*Christensenellaceae_R-7_group*_,1256.611323476047,-0.00014153304428800092,0.00011407060774195817,-1.2407494541290267,0.21788759102513383,0.8826670779283483,0,91,False
TACGTAGGGGGCAAGCGTTGTCCGGAATGATTGGGCGTAAAGGGCGTGTAGGCGGCTAAGTAAGTCTGGAGTGAAAGTCCTGCTTTTAAGGTGGGAATTGCTTTGGATACTGCATAGCTAGAGTGCAGGAGAGGTAAGTGGAATTCCCAGTGTAGCGGTGAAATGCGTAGAGATTGGGAGGAACACCAGTGGCGAAGGCGACTTACTGGACTGTAACTGACGCTGAGGCGCGAAAGTGTGGGGAGCAAACAGG,Bacteria,Firmicutes,Clostridia,Christensenellales,Christensenellaceae,Christensenellaceae_R-7_group,,Bacteria*Firmicutes*Clostridia*Christensenellales*Christensenellaceae*Christensenellaceae_R-7_group*_,1256.854777377597,-0.00017710298017899504,0.00025160121470756467,-0.70390351805273,0.4832901827783691,0.9539541331513363,0,91,False
TACGTAGGGGGCAAGCGTTGTCCGGAATTACTGGGCGTAAAGGGCGCGTAGGCGGCCTGCCAAGTCTTGTGTGAAAACCCTGGTTTCAAGCCAGGAGGTGCACGGGAAACTGGCGGGCTTGAGTGCAGGAGAGGGAAGTGGAATTCCAAGTGTAGCGGTGAAATGCGTAGAGATTTGGAGGAACACCAGTGGCGAAGGCGACTTTCTGGACTGTAACTGACGCTGAGGCGCGAAAGCGTGGGGAGCAAACAGG,Bacteria,Firmicutes,,,,,,Bacteria*Firmicutes*_*_*_*_*_,1256.4283241316937,-4.018155552808706e-05,5.551544095172161e-05,-0.7237906218385352,0.47105084877544146,0.9539541331513363,0,91,False
TACGTAGGGGGCAAGCGTTGTCCGGAATTATTGGGCGTAAAGAGTACGTAGGCGGTCTGGTAAGCGCAAGGTGAAAGGCATAGGCTCAACCAATGTCAGCCTTGCGAACTGTCAGACTTGAGTGCAGGAGGGGAAAGTGGAATTCCTAGTGTAGCGGTGAAATGCGTAGATATTAGGAGGAACACCAGTGGCGAAGGCGACTTTCTGGACTGTAACTGACGCTGAGGTACGAAAGCGTGGGGAGCAAACAGG,Bacteria,Firmicutes,Clostridia,Peptostreptococcales-Tissierellales,Anaerovoracaceae,Family_XIII_UCG-001,,Bacteria*Firmicutes*Clostridia*Peptostreptococcales-Tissierellales*Anaerovoracaceae*Family_XIII_UCG-001*_,1257.4122662225052,-0.000620795964393578,0.00034790167176523764,-1.7844006360868772,0.07769136536292018,0.8826670779283483,0,91,False
TACGTAGGGGGCAAGCGTTGTCCGGAATTATTGGGCGTAAAGAGTACGTAGGCGGTTTGCTAAGCGCAAGGTGAAAGGCAGTGGCTTAACCATTGTAAGCCTTGCGAACTGACAGACTTGAGTGCAGGAGAGGAAAGCGGAATTCCTAGTGTAGCGGTGAAATGCGTAGATATTAGGAGGAACACCGGTGGCGAAGGCGGCTTTCTGGACTGTAACTGACGCTGAGGTACGAAAGCGTGGGGAGCAAACAGG,Bacteria,Firmicutes,Clostridia,Peptostreptococcales-Tissierellales,Anaerovoracaceae,Family_XIII_UCG-001,,Bacteria*Firmicutes*Clostridia*Peptostreptococcales-Tissierellales*Anaerovoracaceae*Family_XIII_UCG-001*_,1257.1296013560134,-0.00015504545462577933,0.00030466394735323676,-0.5089064721071669,0.6120494916410906,0.9598764883716622,0,91,False
TACGTAGGGGGCAAGCGTTGTCCGGAATTATTGGGCGTAAAGGGTGCGTAGGCGGCCGATCAAGTCAGGTGTGAAAGACCCGTGCTTAACATGGGGGTTGCACTTGAAACTGGTTGGCTTGAGTATGGGAGAGGCAAGCGGAATTCCCGGTGTAGCGGTGAAATGCGTAGAGATCGGGAGGAACACCAGTGGCGAAGGCGGCTTGCTGGACCAAAACTGACGCTGAGGCACGAAAGCGTGGGTAGCAAACAGG,Bacteria,Firmicutes,,,,,,Bacteria*Firmicutes*_*_*_*_*_,1256.462586555198,-3.072043475135948e-05,5.420440996568051e-05,-0.5667515755786311,0.5722782477292255,0.9539541331513363,0,91,False
TACGTAGGGGGCAAGCGTTGTCCGGAATTATTGGGCGTAAAGGGTGCGTAGGCGGCCTTACAAGTTGGATGTGAAATCCCCGTGCTTAACATGGGAACTGCATCCAAAACTGTAGGGCTTGAGTGTGGAAGAGGTAAGTGGAATTCCCAGTGTAGCGGTGAAATGCGTAGATATTGGGAGGAACACCAGTGGCGAAGGCGACTTACTGGGCCACAACTGACGCTGAGGCACGAAAGCGTGGGGAGCAAACAGG,Bacteria,Firmicutes,Clostridia,Christensenellales,Christensenellaceae,Christensenellaceae_R-7_group,,Bacteria*Firmicutes*Clostridia*Christensenellales*Christensenellaceae*Christensenellaceae_R-7_group*_,1256.4065607102998,-1.8263293683443244e-05,4.720419509005614e-05,-0.38689980093083975,0.6997336883164441,0.9865618584646082,0,91,False
TACGTAGGGGGCGAGCGTTATCCGAATTTATTGGGCGTAAAGCGTGTGTAGGCGGTTTATTAAGTTTAAGATAAAAGCCCGGGGCTCAACTCCGGTTCGTCTTAAAAACTGGTAGACTTGAGTGTGGTAGAGGTAAATGGAATTTCTAGTGTAGCGGTGGAATGCGTAGATATTAGAAGGAACACCAGTGGCGAAGGCGATTTACTGGGCCATTACTGACGCTGAGACACGAAAGCGTGGGGAGCAAATAGG,Bacteria,Firmicutes,Bacilli,RF39,,,,Bacteria*Firmicutes*Bacilli*RF39*_*_*_,1256.9254298776355,-0.0005795700571013054,0.00039883537796770526,-1.4531560867407172,0.14962025683224134,0.8826670779283483,0,91,False
TACGTAGGGGGCGAGCGTTATCCGAATTTATTGGGCGTAAAGCGTGTGTAGGCGGTTTGTTAAGTTTAAGATTAAAGCCCGGGGCTCAACTCCGGTTCGTCTTAAAAACTGGCAGACTTGAGTGTGGTAGAGGTAAATGGAATTTCTAGTGTAGCGGTGGAATGCGTAGATATTAGAAGGAACACCAGTGGCGAAGGCGATTTACTGGGCCATTACTGACGCTGAGACACGAAAGCGTGGGGAGCAAATAGG,Bacteria,Firmicutes,Bacilli,RF39,,,,Bacteria*Firmicutes*Bacilli*RF39*_*_*_,1256.3819917418045,4.605896811906693e-06,4.582056237121532e-05,0.1005203029721027,0.9201523989501288,0.9930777837826986,0,91,False
TACGTAGGGGGCGAGCGTTATCCGGAATCATTGGGCGTAAAGCGCGCGCAGGCGGGCTTTCAAGCGGCGGCGTCGAAGCCGGGGGCTCAACCCCCGGAAGCGCCCCGAACTGGAAGCCTCGGATGCGGCAGGGGGAGGCGGAATTCCCGGTGTAGCGGTGAAATGCGCAGATATCGGGAAGAACACCGACGGCGAAGGCAGCCTCCTGGGCCGGCATCGACGCTGAGGCGCGAAAGCTGGGGGAGCGAACAGG,Bacteria,Actinobacteriota,Coriobacteriia,Coriobacteriales,Eggerthellaceae,Slackia,isoflavoniconvertens,Bacteria*Actinobacteriota*Coriobacteriia*Coriobacteriales*Eggerthellaceae*Slackia*isoflavoniconvertens,1256.3819917418045,5.8256379730735184e-05,5.724158803948458e-05,1.0177282239366003,0.3115053299998854,0.9160564148885518,0,91,False
TACGTAGGGGGCGAGCGTTATCCGGAATGATTGGGCGTAAAGCGCGCGCAGGCGGCCGCTCAAGCGGGACCTCTAACCCCGGGGCTCAACCCCGGGCCGGGTCCCGAACTGGGCGGCTCGAGTGCGGTAGGGGAGAGCGGAATTCCAAGTGTAGCGGTGAAATGCGCAGATATTTGGAAGAACACCGATGGCGAAGGCAGCTCTCTGGGCCGTCACTGACGCTGAGGCGCGAAAGCCGGGGGAGCGAACAGG,Bacteria,Actinobacteriota,Coriobacteriia,Coriobacteriales,Eggerthellaceae,Enterorhabdus,,Bacteria*Actinobacteriota*Coriobacteriia*Coriobacteriales*Eggerthellaceae*Enterorhabdus*_,1256.3819917418045,8.520348975679483e-05,7.296432835358654e-05,1.1677417126886591,0.24596147575309188,0.8853818901235723,0,91,False
TACGTAGGGGGCGAGCGTTATCCGGAATTACTGGGTGTAAAGGGTGCGTAGGCGGCAACGTAAGTCTGTTGTGAAAGGTGATGGCTTAACCAGCGAAGTGCAATGGAAACTGCGGAGCTAGAGTGCAGGAGAGGAAAGCGGAATTCCTAGTGTAGCGGTGAAATGCGTAGATATTAGGAAGAACACCAGTGGCGAAGGCGGCTTTCTGGACTGCAACTGACGCTGAGGCACGAAAGCGTGGGGAGCAAACAGG,Bacteria,Firmicutes,Clostridia,Lachnospirales,,,,Bacteria*Firmicutes*Clostridia*Lachnospirales*_*_*_,1256.441570876559,5.556871872273002e-05,9.019983559302702e-05,0.6160623060717176,0.5393913640988982,0.9539541331513363,0,91,False
TACGTAGGGGGCGAGCGTTATCCGGAATTACTGGGTGTAAAGGGTGCGTAGGCGGTACGGCAAGTTTGATGTGAAACCCTCGGGCTTAACCCGAGGCATGCATCGAAAACTACAGAACTAGAGTGCAGGAGAGGAAAGCGGAATTCCTAGTGTAGCGGTGAAATGCGTAGATATTAGGAAGAACACCAGTGGCGAAGGCGGCTTTCTGGACTGTAACTGACGCTGAGGCACGAAAGCGTGGGGAGCAAACAGG,Bacteria,Firmicutes,Clostridia,Lachnospirales,Defluviitaleaceae,Defluviitaleaceae_UCG-011,,Bacteria*Firmicutes*Clostridia*Lachnospirales*Defluviitaleaceae*Defluviitaleaceae_UCG-011*_,1256.4674156026824,-7.959131503790617e-05,6.073142346799203e-05,-1.3105458507794419,0.19330929493466303,0.8826670779283483,0,91,False
TACGTAGGGGGCGAGCGTTATCCGGAATTATTGGGCGTAAAGAGTACGTAGGCGGTTTTTTAAGCGAGGGGTATAAGGCAGCGGCTTAACTGCTGTTGGCCCCTCGAACTGGAGGACTTGAGTGTCGGAGAGGAAAGCGGAATTCCTAGTGTAGCGGTGAAATGCGTAGAGATTAGGAGGAACACCAGTGGCGAAGGCGGCTTTCTGGACGACAACTGACGCTGAGGTACGAAAGCGTGGGGAGCAAACAGG,Bacteria,Firmicutes,Clostridia,Peptostreptococcales-Tissierellales,Anaerovoracaceae,,,Bacteria*Firmicutes*Clostridia*Peptostreptococcales-Tissierellales*Anaerovoracaceae*_*_,1256.6784801356876,-8.833789192389617e-05,0.00012854293169389997,-0.6872248108846288,0.49368880430759743,0.9539541331513363,0,91,False
TACGTAGGGGGCGAGCGTTATCCGGAATTATTGGGCGTAAAGAGTGCGTAGGTGGTAACTTAAGCGCGGGGTTTAAGGCAATGGCTTAACCATTGTTCGCCCTGCGAACTGGGATACTTGAGTGCAGGAGAGGAAAGCGGAATTCCTAGTGTAGCGGTGAAATGCGTAGATATTAGGAGGAACACCAGTGGCGAAGGCGGCTTTCTGGACTGAAACTGACACTGAGGCACGAAAGTGTGGGGAGCAAACAGG,Bacteria,Firmicutes,Clostridia,Peptostreptococcales-Tissierellales,Anaerovoracaceae,Family_XIII_AD3011_group,,Bacteria*Firmicutes*Clostridia*Peptostreptococcales-Tissierellales*Anaerovoracaceae*Family_XIII_AD3011_group*_,1256.8364560974676,0.00011393410952976492,0.00032311747019099957,0.3526089426932464,0.7251970157717911,0.9886333883312699,0,91,False
TACGTAGGGGGCGAGCGTTATCCGGAATTATTGGGCGTAAAGAGTGCGTAGGTGGTTACCTAAGCGCAGGGTCTAAGGCAATGGCTCAACCATTGTTCGCCCTGCGAACTGGGCTACTTGAGTGCAGGAGAGGAAAGCGGAATTCCTAGTGTAGCGGTGAAATGCGTAGATATTAGGAGGAACACCAGTGGCGAAGGCGGCTTTCTGGACTGTTACTGACACTGAGGCACGAAAGCGTGGGGAGCAAACAGG,Bacteria,Firmicutes,Clostridia,Peptostreptococcales-Tissierellales,Anaerovoracaceae,,,Bacteria*Firmicutes*Clostridia*Peptostreptococcales-Tissierellales*Anaerovoracaceae*_*_,1256.4441658007418,-5.71903933858479e-05,6.86849871969855e-05,-0.8326476529991682,0.4072234102717254,0.9539541331513363,0,91,False
TACGTAGGGGGCGAGCGTTATCCGGAATTATTGGGCGTAAAGAGTTCGTAGGCGGTTTTTTAAGCGCGGGGTGAAAGGCAATGGCTTAACCATTGTTAGCCCTGCGAACTGGGAGACTTGAGTGCAGGAGAGGAAAGCGGAATTCCTAGTGTAGCGGTGAAATGCGTAGATATTAGGAGGAACACCAGTGGCGAAGGCGGCTTTCTGGACTGTAACTGACGCTGAGGAACGAAAGTGTGGGGAGCAAACAGG,Bacteria,Firmicutes,Clostridia,Peptostreptococcales-Tissierellales,Anaerovoracaceae,Family_XIII_AD3011_group,,Bacteria*Firmicutes*Clostridia*Peptostreptococcales-Tissierellales*Anaerovoracaceae*Family_XIII_AD3011_group*_,1256.4692352574702,1.4503242683222483e-05,8.112550917436972e-05,0.1787753670926055,0.8585115087564864,0.9930777837826986,0,91,False
TACGTAGGGGGCGAGCGTTATCCGGATTCATTGGGCGTAAAGCGCGCGCAGGCGGCCGATCAAGCGGAACCTCTAATCCCGGGGCTCAACCCCGCGGCCGGGTTCCGAACTGGTCGGCTCGAGTTCGGTAGAGGAGGGTGGAATTCCCGGTGTAGCGGTGGAATGCGCAGATATCGGGAAGAACACCGATGGCGAAGGCAGCCCTCTGGGCCGACACTGACGCTGAGGCGCGAAAGCTGGGGGAGCGAACAGG,Bacteria,Actinobacteriota,Coriobacteriia,Coriobacteriales,Eggerthellaceae,,,Bacteria*Actinobacteriota*Coriobacteriia*Coriobacteriales*Eggerthellaceae*_*_,1256.3819917418045,2.963202121485705e-07,4.535499814170209e-05,0.00653335297738919,0.994801477025224,0.9999331984954238,0,91,False
TACGTAGGGGGCGAGCGTTATCCGGATTCATTGGGCGTAAAGCGCGCGTAGGCGGCCCGGCAGGCAGGGGGTCAAATGGCGGGGCTCAACCCCGTCCCGCCCCCTGAACCGCCGGGCTCGGGTCCGGTAGGGGAGGGTGGAACACCCGGTGTAGCGGTGGAATGCGCAGATATCGGGTGGAACACCGGTGGCGAAGGCGGCCCTCTGGGCCGAGACCGACGCTGAGGCGCGAAAGCTGGGGGAGCGAACAGG,Bacteria,Actinobacteriota,Coriobacteriia,Coriobacteriales,Coriobacteriaceae,Collinsella,,Bacteria*Actinobacteriota*Coriobacteriia*Coriobacteriales*Coriobacteriaceae*Collinsella*_,1256.3819917418045,6.695791232181516e-06,4.623348771119968e-05,0.14482557046111655,0.8851688732327634,0.9930777837826986,0,91,False
TACGTAGGGGGCGAGCGTTATCCGGATTCATTGGGCGTAAAGCGCGCGTAGGCGGCCCGGCAGGCCGGGGGTCGAAGCGGGGGGCTCAACCCCCCGAAGCCCCCGGAACCTCCGCGGCTTGGGTCCGGTAGGGGAGGGTGGAACACCCGGTGTAGCGGTGGAATGCGCAGATATCGGGTGGAACACCGGTGGCGAAGGCGGCCCTCTGGGCCGAGACCGACGCTGAGGCGCGAAAGCTGGGGGAGCGAACAGG,Bacteria,Actinobacteriota,Coriobacteriia,Coriobacteriales,Coriobacteriaceae,Collinsella,aerofaciens,Bacteria*Actinobacteriota*Coriobacteriia*Coriobacteriales*Coriobacteriaceae*Collinsella*aerofaciens,1256.552881936414,0.00014094608716183025,0.00023365452045829123,0.6032243111983361,0.5478600413334698,0.9539541331513363,0,91,False
TACGTAGGGGGCGAGCGTTATCCGGATTCATTGGGCGTAAAGCGCGCGTAGGCGGCCCGTCAAGCGGAACCTCTAACCCGAGGGCTCAACCCCCGGTCGGGTTCCGAACTGGCAGGCTCGAGTTTGGTAGAGGAAGATGGAATTCCCGGTGTAGCGGTGGAATGCGCAGATATCGGGAAGAACACCGATGGCGAAGGCAGTCTTCTGGGCCATCAACTGACGCTGAGGCGCGAAAGCTGGGGGAGCGAACAGG,Bacteria,Actinobacteriota,Coriobacteriia,Coriobacteriales,Eggerthellaceae,Gordonibacter,,Bacteria*Actinobacteriota*Coriobacteriia*Coriobacteriales*Eggerthellaceae*Gordonibacter*_,1256.3987439400166,-7.865828415685856e-06,4.686297594389402e-05,-0.16784739460641807,0.8670758002948801,0.9930777837826986,0,91,False
TACGTAGGGGGCGAGCGTTATCCGGATTCATTGGGCGTAAAGCGCGCGTAGGCGGCCGCCTAAGCGGAACCTCTAATCCCGGGGCTCAACCTCGGGCCGGGTTCCGGACTGGGCGGCTCGAGTGCGGTAGAGGCAGGCGGAATTCCCGGTGTAGCGGTGGAATGCGCAGATATCGGGAAGAACACCGATGGCGAAGGCAGCCTGCTGGGCCGCCACTGACGCTGAGGCGCGAAAGCTGGGGGAGCGAACAGG,Bacteria,Actinobacteriota,Coriobacteriia,Coriobacteriales,Eggerthellaceae,Adlercreutzia,equolifaciens,Bacteria*Actinobacteriota*Coriobacteriia*Coriobacteriales*Eggerthellaceae*Adlercreutzia*equolifaciens,1256.5569675742538,-0.00017498439039262008,9.836592242443847e-05,-1.7789127177355293,0.0785932879580385,0.8826670779283483,0,91,False
TACGTAGGGGGCGAGCGTTATCCGGATTTACTGGGTGTAAAGGGAGCGTAGACGGCGTATCAAGTCTGATGTGAAAGGCAGGGGCTTAACCCCTGGACTGCATTGGAAACTGGTATGCTTGAGTGCCGGAGGGGTAAGCGGAATTCCTAGTGTAGCGGTGAAATGCGTAGATATTAGGAGGAACACCAGTGGCGAAGGCGGCTTACTGGACGGTAACTGACGTTGAGGCTCGAAAGCGTGGGGAGCAAACAGG,Bacteria,Firmicutes,Clostridia,Lachnospirales,Lachnospiraceae,Blautia,,Bacteria*Firmicutes*Clostridia*Lachnospirales*Lachnospiraceae*Blautia*_,1257.902194561128,4.6505912094317435e-05,0.0008672512942639215,0.053624494309679034,0.9573518897589085,0.9936436607432332,0,91,False
TACGTAGGGGGCGAGCGTTATCCGGATTTATTGGGCGTAAAGCGTGCGTAGACGGTTTATTAAGTCCAGAATTAAAGCCCGAGGCTTAACCTCGGTTCGTTCTGGATACTGGTAGACTAGAGTATGGTAGAGGCAAATGGAATTCCTAGTGTAGCGGTGGAATGCGTAGATATTAGGAGGAACACCAGTGGCGAAGGCGGTTTGCTGGGCCATTACTGACGTTGAGGTACGAAAGCGTGGGTAGCAAATAGG,Bacteria,Firmicutes,Bacilli,RF39,,,,Bacteria*Firmicutes*Bacilli*RF39*_*_*_,1256.6990383267305,-0.00036690626143116633,0.0001815491699592278,-2.0209746016110453,0.04622099952180215,0.8826670779283483,0,91,False
TACGTAGGGGGCGAGCGTTATCCGGATTTATTGGGCGTAAAGCGTGCGTAGGCGGTTTATTAAGTCTAGAATTAAAGCCCGAGGCTTAACCTCGGTTCGTTCTAGATACTGGTTGACTAGAGTACAGTAGAGGCAAATGGAATTCCTAGTGTAGCGGTGGAATGCGTAGATATTAGGAGGAACACCAGTGGCGAAGGCGATTTGCTGGGCTGTAACTGACGCTGAGGTACGAAAGCGTGGGTAGCAAATAGG,Bacteria,Firmicutes,Bacilli,RF39,,,,Bacteria*Firmicutes*Bacilli*RF39*_*_*_,1256.3819917418045,4.662070692535301e-05,8.429781492334717e-05,0.553047631990766,0.5815869141452639,0.9539541331513363,0,91,False
TACGTAGGGGGCGAGCGTTATCCGGATTTATTGGGCGTAAAGCGTGTGTAGGCGGTTTATTAAGTATAAGATAAAAGCCCGAAGCTCAACTTCGGTTCGTCTTATAAACTGGTAGACTTGAGTATGGTAGAGGCAAATGGAATTTCTAGTGTAGCGGTAAAATGCGTAGATATTAGAAGGAACACCAGTGGCGAAGGCGATTTGCTGGGCCATTACTGACGCTGAGACACGAAAGCGTGGGGAGCAAATAGG,Bacteria,Firmicutes,Bacilli,RF39,,,,Bacteria*Firmicutes*Bacilli*RF39*_*_*_,1256.4052032695786,-2.9543111341898712e-05,4.843106472409303e-05,-0.610003342073995,0.5433798872079946,0.9539541331513363,0,91,False
TACGTAGGGGGCGAGCGTTATCCGGATTTATTGGGCGTAAAGCGTGTGTAGGCGGTTTATTAAGTATAAGATTAAAGCCCGAAGCTCAACTTCGGTTCGTCTTATAAACTGGTAGGCTTGAGTATGGTAGAGGCAAATGGAACTTCTAGTGTAGCGGTAAAATGCGTAGATATTAGAAAGAACACCAGTGGCGAAGGCGATTTGCTGGGCCATTACTGACGCTGAGACACGAAAGCGTGGGGAGCAAATAGG,Bacteria,Firmicutes,Bacilli,RF39,,,,Bacteria*Firmicutes*Bacilli*RF39*_*_*_,1256.4062477051511,0.00029291302922980646,0.0003149359160461374,0.9300718473370162,0.35479462410164375,0.9315211457591839,0,91,False
TACGTAGGGGGCGAGCGTTATCCGGATTTATTGGGCGTAAAGCGTGTGTAGGCGGTTTATTAAGTTTAAGATTAAAGCCCGGAGCTTAACTCCGGTTCGTCTTAAAAACTGGTAGACTTGAGTGTAGTAGAGGCAAGTGGAATTTCTAGTGTAGCGGTTAAATGCGTAGATATTAGAAGGAACACCAGTGGCGAAGGCGGCTTGCTGGGCTATTACTGACGCTGAGACACGAAAGCGTGGGGAGCAAATAGG,Bacteria,Firmicutes,Bacilli,RF39,,,,Bacteria*Firmicutes*Bacilli*RF39*_*_*_,1256.781678364769,0.0006172676886161874,0.0015272876519883901,0.4041594180458153,0.6870437816322883,0.9811380622590592,0,91,False
TACGTAGGGGGCGAGCGTTATCCGGATTTATTGGGCGTAAAGCGTGTGTAGGCGGTTTATTAAGTTTAAGATTAAAGCCCGGGGCTCAACTCCGGTAAGTCTTAAAAACTGGTAGACTTGAGTACGGTAGAGGCAAACGGAATTTCTAGTGTAGCGGTGAAATGCGTAGATATTAGAAGGAACACCAGTGGCGAAAGCGGTTTGCTGGGCCGTTACTGACGCTGAGGCACGAAAGCGTGGGGAGCAAATAGG,Bacteria,Firmicutes,Bacilli,RF39,,,,Bacteria*Firmicutes*Bacilli*RF39*_*_*_,1258.1150092870173,-3.2615789496596935e-05,0.001580671312870213,-0.02063413768000418,0.9835826847772668,0.9999331984954238,0,91,False
TACGTAGGGGGCGAGCGTTATCCGGATTTATTGGGCGTAAAGCGTGTGTAGGCGGTTTGTTAAGTCTAAGATCAAAGCCCGAGGCTCAACCTCGGTTCGTCTTAGAAACTGGCAGACTTGAGTGCAGTAGAGGCAAGTGGAATTTCTAGTGTAGCGGTTAAATGCGTAGATATTAGAAGGAACACCAGTGGCGAAGGCGGCTTGCTGGGCTGTTACTGACGCTGAGACACGAAAGCGTGGGGAGCAAATAGG,Bacteria,Firmicutes,Bacilli,RF39,,,,Bacteria*Firmicutes*Bacilli*RF39*_*_*_,1256.4222097138515,-1.4542356570215165e-05,6.767464215966196e-05,-0.21488634599509207,0.830336769976499,0.9930777837826986,0,91,False
TACGTAGGGGGCGAGCGTTATCCGGATTTATTGGGCGTAAAGCGTTCGTAGGCGGTTTGTTAAGTCTAAAATCAAATCTTGGGGCTTAACTCCATTCAGTTTTAGAAACTGGCAGACTTGAGTGTGGTAGAGGCAAGTGGAATTTCTAGTGTAGCGGTTAAATGCGTAGATATTAGAAGGAACACCAGTGGCGAAGGCGGCTTGCTGGGCCATTACTGACGCTGAGGAACGAGAGCGTGGGGAGCAAATAGG,Bacteria,Firmicutes,Bacilli,RF39,,,,Bacteria*Firmicutes*Bacilli*RF39*_*_*_,1256.656362251207,-0.000317913140510729,0.00019617267613416018,-1.6205780885270278,0.10856842405421094,0.8826670779283483,0,91,False
TACGTAGGGGGCGAGCGTTATCCGGATTTATTGGGTGTAAAGCGTGTGTAGGCGGTTTTTTAAGTCTAAGGTTTAAGCCCGGAGCTCAACTCCGGTACGCCTTAGAAACTGATTTACTTGAGTGTGGTAGAGGCAAATGGAATTTCTAGTGTAGCGGTAGAATGCGTAGATATTAGAAGGAACACCGGTGGCGAAGGCGATTTGCTGGGCCATTACTGACGCTGAGACACGAAAGCGTGGGGAGCAAATAGG,Bacteria,Firmicutes,Bacilli,RF39,,,,Bacteria*Firmicutes*Bacilli*RF39*_*_*_,1256.5217040968234,-5.872085042294278e-05,0.0001588790596102126,-0.3695946499620914,0.7125432272314678,0.9875198362567608,0,91,False
TACGTAGGGGGCGAGCGTTGTCCGGAATCACTGGGCGTAAAGGGCGCGTAGGCGGCAATATAAGTCAGATGTGAAAGGTGAGGGCTCAACCCTTAGACTGCATCTGATACTGTATAGCTTGAGTGTGAGAGAGGAAAGCGGAATTCCTAGTGTAGCGGTGAAATGCGTAGATATTAGGAGGAACACCAGTGGCGAAGGCGGCTTTCTGGCTCATAACTGACGCTGAGGCGCGAAAGCGTGGGGAGCAAACAGG,Bacteria,Firmicutes,Clostridia,Peptococcales,Peptococcaceae,Peptococcus,,Bacteria*Firmicutes*Clostridia*Peptococcales*Peptococcaceae*Peptococcus*_,1256.4548530530265,6.426540436922504e-05,0.00013667529533065409,0.47020497898870345,0.6393335408122546,0.9685280873155366,0,91,False
TACGTAGGGGGCGAGCGTTGTCCGGAATCACTGGGCGTAAAGGGCGCGTAGGCGGCCTAGTAAGTCAGATGTGAAAAGTGAGGGCTCAACCCTTAGAGTGCATCTGATACTGCTAGGCTTGAGTACAGAAGAGGAAAGCGGAATTCCTAGTGTAGCGGTGAAATGCGTAGATATTAGGAGGAACACCAGTGGCGAAGGCGGCTTTCTGGGCTGAAACTGACGCTGAGGCGCGAAAGCGTGGGGAGCAAACAGG,Bacteria,Firmicutes,Clostridia,,,,,Bacteria*Firmicutes*Clostridia*_*_*_*_,1256.437097433186,3.045285828147116e-06,8.910887742908925e-05,0.03417488712693618,0.9728125422975109,0.9992408261115441,0,91,False
TACGTAGGGGGCGAGCGTTGTCCGGAATCACTGGGCGTAAAGGGCGCGTAGGCGGTCAGATAAGTCAGTGGTGAAAACTGGGGGCTCAACCTCCAGCCTGCCACTGATACTGTCAGACTTGAGTATGGAAGAGGAGAATGGAATTCCTAGTGTAGCGGTGAAATGCGTAGATATTAGGAGGAACACCAGTGGCGAAGGCGATTCTCTGGGCCAAGACTGACGCTGAGGCGCGAAAGCGTGGGGAGCAAACAGG,Bacteria,Firmicutes,Clostridia,Peptococcales,Peptococcaceae,,,Bacteria*Firmicutes*Clostridia*Peptococcales*Peptococcaceae*_*_,1256.3974940507078,-2.069080324300841e-05,4.753585939136299e-05,-0.43526725945272,0.6643990640773476,0.9706987547576728,0,91,False
TACGTAGGGGGCGAGCGTTGTCCGGAATCACTGGGCGTAAAGGGCGCGTAGGCGGTTTAATAAGTCAGTGGTGAAAACTGAGGGCTCAACCCTCAGCCTGCCACTGATACTGTTAGACTTGAGTATGGAAGAGGAGAATGGAATTCCTAGTGTAGCGGTGAAATGCGTAGATATTAGGAGGAACACCAGTGGCGAAGGCGATTCTCTGGGCCAAGACTGACGCTGAGGCGCGAAAGCGTGGGGAGCAAACAGG,Bacteria,Firmicutes,Clostridia,Peptococcales,Peptococcaceae,,,Bacteria*Firmicutes*Clostridia*Peptococcales*Peptococcaceae*_*_,1256.3819917418045,8.947984594228665e-06,4.720917718491249e-05,0.18953909235021232,0.8500924472543849,0.9930777837826986,0,91,False
TACGTAGGGGGCGAGCGTTGTCCGGAATGACTGGGCGTAAAGGGCGTGTAGGCGGCCGACTAAGTCTGATGTGAAATACCCGCTTTTAAGGTGGGTCGTGCATTGGAAACTGGATGGCTAGAGTGCGGAAGAGGTAAGTGGAATTCCCAGTGTAGCGGTGAAATGCGTAGAGATTGGGAGGAACACCAGTGGCGAAGGCGACTTACTGGGCCGCAACTGACGCTGAGGCGCGAAAGCGTGGGGAGCAAACAGG,Bacteria,Firmicutes,Clostridia,Christensenellales,Christensenellaceae,Christensenellaceae_R-7_group,,Bacteria*Firmicutes*Clostridia*Christensenellales*Christensenellaceae*Christensenellaceae_R-7_group*_,1256.6197783687944,0.00011069827659786278,0.00021331833644302044,0.518934651580838,0.6050660457683843,0.9598764883716622,0,91,False
TACGTAGGGGGCGAGCGTTGTCCGGAATGACTGGGCGTAAAGGGCGTGTAGGCGGCCGATTAAGTATGGAGTGAAAGTCCTGCTTTCAAGGTGGGAATTGCTTTGTAGACTGGTTGGCTTGAGTGCGGAAGAGGTAAGTGGAATTCCCAGTGTAGCGGTGAAATGCGTAGAGATTGGGAGGAACACCAGTGGCGAAGGCGACTTACTGGGCCGTAACTGACGCTGAGGCGCGAAAGCGTGGGGAGCGAACAGG,Bacteria,Firmicutes,Clostridia,Christensenellales,Christensenellaceae,Christensenellaceae_R-7_group,,Bacteria*Firmicutes*Clostridia*Christensenellales*Christensenellaceae*Christensenellaceae_R-7_group*_,1256.9069897879558,-0.0003618590942994145,0.0002230440512791876,-1.6223660403588618,0.10818463499533244,0.8826670779283483,0,91,False
TACGTAGGGGGCGAGCGTTGTCCGGAATGACTGGGCGTAAAGGGCGTGTAGGCGGCTTTTTAAGTCTGGAGTGAAAGCCCCATTTTCAAGGTGGGGACTGCTTTGGAGACTGGAGAGCTTGAGTGCGGAAGAGGTAAGTGGAATTCCCAGTGTAGCGGTGAAATGCGTAGAGATTGGGAGGAACACCAGTGGCGAAGGCGACTTACTGGGCCGTAACTGACGCTGAGGCGCGAAAGCGTGGGGAGCGAACAGG,Bacteria,Firmicutes,Clostridia,Christensenellales,Christensenellaceae,Christensenellaceae_R-7_group,,Bacteria*Firmicutes*Clostridia*Christensenellales*Christensenellaceae*Christensenellaceae_R-7_group*_,1256.4048683612111,-2.915854535615869e-05,4.769651316063707e-05,-0.6113349472309566,0.5425020338290159,0.9539541331513363,0,91,False
TACGTAGGGGGCGAGCGTTGTCCGGAATGACTGGGCGTAAAGGGCGTGTAGGCGGCTTTTTAAGTCTGGAGTGAAAGCCCCTTTTTCAAGGAGGGGAGTGCTTTGGAGACTGGAGAGCTTGAGTGCGGAAGAGGTAAGTGGAATTCCCAGTGTAGCGGTGAAATGCGTAGAGATTGGGAGGAACACCAGTGGCGAAGGCGACTTACTGGGCCGTAACTGACGCTGAGGCGCGAAAGCGTGGGGAGCGAACAGG,Bacteria,Firmicutes,Clostridia,Christensenellales,Christensenellaceae,Christensenellaceae_R-7_group,,Bacteria*Firmicutes*Clostridia*Christensenellales*Christensenellaceae*Christensenellaceae_R-7_group*_,1256.4538133067067,-7.021928220858567e-05,6.733169180728235e-05,-1.0428860514832778,0.2997637148287913,0.897683688214678,0,91,False
TACGTAGGGGGCGAGCGTTGTCCGGAATGACTGGGCGTAAAGGGTGTGTAGGTGGTTTGATAAGTTAGATGTGTAATACCCAGGGCTTAACTCGGGTGCTGCATCTAAAACTGTTAGACTTGAGTACTGGAGAGGATAGTGGAATTCCTAGTGTAGCGGTGGAATGCGTAGATATTAGGAGGAACATCAGTGGCGAAGGCGACTATCTGGACAGCAACTGACACTGAGGCACGAAAGCGTGGGGAGCAAACAGG,Bacteria,Firmicutes,Clostridia,Clostridia_vadinBB60_group,,,,Bacteria*Firmicutes*Clostridia*Clostridia_vadinBB60_group*_*_*_,1257.5236179119083,-0.0012856768204374527,0.0006170344436766248,-2.0836386584461883,0.03999689995739264,0.8826670779283483,0,91,False
TACGTAGGGGGCGAGCGTTGTCCGGAATGATTGGGCGTAAAGGGCGCGTAGGCGGCCTGCTAAGTCTGAAGTGAAAGTCCTGCTTTCAAGGTGGGAAGTGCTTTGGATACTGGTGGGCTGGAGTGCAGGAGAGGAAAGCGGAATTACCGGTGTAGCGGTGAAATGCGTAGAGATCGGTAGGAACACCAGTGGCGAAGGCGGCTTTCTGGACTGAAACTGACGCTGAGGCGCGAAAGCGTGGGGAGCAAACAGG,Bacteria,Firmicutes,Clostridia,Christensenellales,Christensenellaceae,Christensenellaceae_R-7_group,,Bacteria*Firmicutes*Clostridia*Christensenellales*Christensenellaceae*Christensenellaceae_R-7_group*_,1258.4455879626307,-0.0014017335942024982,0.0006419806561322468,-2.1834514495305037,0.03157505082733048,0.8645031157551863,0,91,False
TACGTAGGGGGCGAGCGTTGTCCGGAATGATTGGGCGTAAAGGGCGCGTAGGCGGCCTGCTAAGTCTGGAGTGAAAGTCCTGCTTTCAAGGTGGGAAGTGCTTTGGATACTGGTGGGCTGGAGTGCAGGAGAGGAAAGCGGAATTACCGGTGTAGCGGTGAAATGCGTAGAGATCGGTAGGAACACCAGTGGCGAAGGCGGCTTTCTGGACTGAAACTGACGCTGAGGCGCGAAAGCGTGGGGAGCAAACAGG,Bacteria,Firmicutes,Clostridia,Christensenellales,Christensenellaceae,Christensenellaceae_R-7_group,,Bacteria*Firmicutes*Clostridia*Christensenellales*Christensenellaceae*Christensenellaceae_R-7_group*_,1256.684095514216,-0.00020129544864786565,0.0002897215796458245,-0.6947892831936888,0.4889575756972432,0.9539541331513363,0,91,False
TACGTAGGGGGCGAGCGTTGTCCGGAATGATTGGGCGTAAAGGGCGCGTAGGCGGCCTGCTAAGTCTGGAGTGAAAGTCCTGCTTTCAAGGTGGGAATTGCTTTGGATACTGGTGGGCTGGAGTGCAGGAGAGGAAAGCGGAATTACCGGTGTAGCGGTGAAATGCGTAGAGATCGGTAGGAACACCAGTGGCGAAGGCGGCTTTCTGGACTGAAACTGACGCTGAGGCGCGAAAGCGTGGGGAGCAAACAGG,Bacteria,Firmicutes,Clostridia,Christensenellales,Christensenellaceae,Christensenellaceae_R-7_group,,Bacteria*Firmicutes*Clostridia*Christensenellales*Christensenellaceae*Christensenellaceae_R-7_group*_,1258.6584776051727,-0.0004385072503560287,0.0006168403498865401,-0.7108926166011781,0.47896891218817517,0.9539541331513363,0,91,False
TACGTAGGGGGCGAGCGTTGTCCGGAATGATTGGGCGTAAAGGGCGTGTAGGCGGCTTTATAAGTCTGGAGTGAAAGTCCTGTTTTCAAGATGGGAATTGCTTTGGATACTGTAGGGCTTGAGTGCAGGAGAGGTTATCGGAATTCCCGGTGTAGCGGTGAAATGCGTAGAGATCGGGAGGAACACCAGTGGCGAAGGCGGGTAACTGGACTGCAACTGACGCTGAGGCGCGAAAGTGTGGGGAGCAAACAGG,Bacteria,Firmicutes,Clostridia,Christensenellales,Christensenellaceae,Christensenellaceae_R-7_group,,Bacteria*Firmicutes*Clostridia*Christensenellales*Christensenellaceae*Christensenellaceae_R-7_group*_,1256.6967902467102,-7.499569649033174e-05,0.0002497953480267759,-0.300228555426472,0.7646876054421103,0.9930777837826986,0,91,False
TACGTAGGGGGCGAGCGTTGTCCGGAATTACTGGGCGTAAAGGGAGCGTAGGCGGTCGATTAAGTTAGATGTGAAACCCCCGGGCTTAACTTGGGGACTGCATCTAATACTGGTTGACTTAGAGTACAGGAGAGGGAAGCGGAATTCCTAGTGTAGCGGTGAAATGCGTAGATATTAGGAGGAACACCAGTGGCGAAGGCGGCTTTCTGGACTGACACTGACGCTGAGGCTCGAAAGCGTGGGGAGCAAACAGG,Bacteria,Firmicutes,Clostridia,,,,,Bacteria*Firmicutes*Clostridia*_*_*_*_,1260.5762284470761,-0.0013180807423597177,0.0019268234765350998,-0.6840692769271991,0.4956697843914677,0.9539541331513363,0,91,False
TACGTAGGGGGCGAGCGTTGTCCGGAATTACTGGGCGTAAAGGGAGCGTAGGCGGTCTGATAAGTTGGATGTGAAATACCCGGGCTTAACTTGGGGGGTGCATCCAATACTGTTGGACTAGAGTACAGGAGAGGAAAGCGGAATTCCTAGTGTAGCGGTGAAATGCATAGATATTAGGAGGAACATCGGTGGCGAAGGCGGCTTTCTGGACTGCAACTGACGCTGAGGCTCGAAAGCGTGGGGAGCAAACAGG,Bacteria,Firmicutes,Clostridia,,,,,Bacteria*Firmicutes*Clostridia*_*_*_*_,1260.1548154800907,-0.0018628679084114997,0.0019591444086226786,-0.9508578848055089,0.34419516267714,0.9191142356560728,0,91,False
TACGTAGGGGGCGAGCGTTGTCCGGAATTACTGGGCGTAAAGGGCGCGTAGGCGGCCGGATAAGTTAGATGTGAAATCCCCGGGCTCAACCTGGGTGTTGCATTTAAAACTGTCTGGCTTGAGTGCAGGAGAGGAAAGCGGAATTCCTAGTGTAGCGGTGAAATGCGTAGATATTAGGAGGAACATCAGTGGCGAAGGCGGCTTTCTGGACTGTAACTGACGCTGAGGCGCGAGAGCGTGGGGAGCAAACAGG,Bacteria,Firmicutes,,,,,,Bacteria*Firmicutes*_*_*_*_*_,1256.598103441722,-0.00019938792362578575,0.0001528557060318257,-1.304419238260374,0.19538017358929644,0.8826670779283483,0,91,False
TACGTAGGGGGCGAGCGTTGTCCGGAATTACTGGGCGTAAAGGGTGCGTAGGCGGTTGCTTAAGTTGGATGTGAAATACCCGGGCTTAACTTGGGGGGTGCATTCAAGACTGGGGAACTAGAGTACAGGAGAGGGAAGCGGAATTCCTAGTGTAGCGGTGAAATGCGTAGATATTAGGAGGAACACCGGTGGCGAAGGCGGCTTTCTGGACTGACACTGACGCTGAGGCACGAAAGCGTGGGGAGCAAACAGG,Bacteria,Firmicutes,,,,,,Bacteria*Firmicutes*_*_*_*_*_,1256.4493719324585,1.917878821349828e-05,0.00011590999249097007,0.16546276814738295,0.8689467876491599,0.9930777837826986,0,91,False
TACGTAGGGGGCGAGCGTTGTCCGGAATTACTGGGCGTAAAGGGTGCGTAGGCGGTTTGGTAAGTTGGATGTGAAATACCCGGGCTTAACTTGGGGGCTGCATCCAATACTGTCGGACTTGAGTGCAGGAGAGGAAAGCGGAATTCCTAGTGTAGCGGTGAAATGCGTAGATATTAGGAGGAACACCGGTGGCGAAGGCGGCTTTCTGGACTGTAACTGACGCTGAGGCACGAAAGCGTGGGGAGCAAACAGG,Bacteria,Firmicutes,Clostridia,Christensenellales,Christensenellaceae,,,Bacteria*Firmicutes*Clostridia*Christensenellales*Christensenellaceae*_*_,1261.2088384881326,0.0034121130959850936,0.005354917450890191,0.6371924735119624,0.525599337759934,0.9539541331513363,0,91,False
TACGTAGGGGGCGAGCGTTGTCCGGAATTATTGGGCGTAAAGGGCGCGTAGACGGCTGAGTAAGTTACTGGTGAAAGCCCAGCTTTTAAGGCTGGAATTGCCGGTAATACTGTTCAGCTTGAGTGCAGGAGAGGGAAGCGGAATTCCTAGTGTAGCGGTGAAATGCGTAGATATTAGGAGGAACACCAGTGGCGAAGGCGGCTTTCTGGACTGTAACTGACGTTGAGGCGCGAAAGCGTGGGGAGCAAACAGG,Bacteria,Firmicutes,Clostridia,Christensenellales,Christensenellaceae,Christensenellaceae_R-7_group,,Bacteria*Firmicutes*Clostridia*Christensenellales*Christensenellaceae*Christensenellaceae_R-7_group*_,1257.0075821527391,-2.5388655847395294e-05,0.0005718037175599446,-0.04440099822319482,0.9646820525037088,0.9973405594895115,0,91,False
TACGTAGGGGGCGAGCGTTGTCCGGAATTATTGGGCGTAAAGGGCGCGTAGACGGCTGTGTAAGTTATAGGTGAAAGCCCAACTTTCAAGGTTGGAACTGCCTGTAATACTGCATGGCTTGAGTGCAGGAGAGGGAAGCGGAATTCCTAGTGTAGCGGTGAAATGCGTAGATATTAGGAGGAACACCAGTGGCGAAGGCGGCTTTCTGGACTGTAACTGACGTTGAGGCGCGAAAGCGTGGGGAGCAAACAGG,Bacteria,Firmicutes,Clostridia,,,,,Bacteria*Firmicutes*Clostridia*_*_*_*_,1257.2311747293274,-0.00020727563667667268,0.0005036983806904093,-0.4115074509323697,0.6816680697387294,0.9811380622590592,0,91,False
TACGTAGGGGGCGAGCGTTGTTCGGAATTACTGGGCGTAAAGCGCACGCAGGCGGTTCGTTAAGTCTGCTGTCAAAGGCTGAGGCTCAACCTCAGTTCTACAACAGATACTGGCGGACTAGAGTATGTGAGAGGGAAGTGGAATTCCCGGTGTAGCGGTGAAATGCGTAGATATCGGGAGGAACACCAGTGGCGAAGGCGGCTTCCTGGCACACTACTGACGCTCATGTGCGAAAGCCAGGGCAGCGAACGGG,Bacteria,Synergistota,Synergistia,Synergistales,Synergistaceae,Synergistes,,Bacteria*Synergistota*Synergistia*Synergistales*Synergistaceae*Synergistes*_,1256.3819917418045,6.281573267008476e-05,7.224016672246935e-05,0.8695402505286128,0.38683947946861275,0.9421795910984004,0,91,False
TACGTAGGGGGCTAGCGTTATCCGGAATTACTGGGCGTAAAGGGTGCGTAGGCGGTCTTTCAAGTCAGGAGTGAAAGGCTACGGCTCAACCGTAGTAAGCTCTTGAAACTGTAAGACTTGAGTGCAGGAGAGGAGAGTAGAATTCCTAGTGTAGCGGTGAAATGCGTAGATATTAGGAGGAATACCAGTTGCGAAGGCGGCTCTCTGGACTGTAACTGACGCTGAGGCACGAAAGCGTGGGGAGCAAACAGG,Bacteria,Firmicutes,Clostridia,Peptostreptococcales-Tissierellales,Peptostreptococcaceae,Romboutsia,hominis,Bacteria*Firmicutes*Clostridia*Peptostreptococcales-Tissierellales*Peptostreptococcaceae*Romboutsia*hominis,1256.3819917418045,1.3245872948957314e-05,5.576942424163879e-05,0.2375113806369123,0.812794011677654,0.9930777837826986,0,91,False
TACGTAGGGGGCTAGCGTTATCCGGAATTACTGGGCGTAAAGGGTGCGTAGGTGGTTTCTTAAGTCAGAGGTGAAAGGCTACGGCTCAACCGTAGTAAGCCTTTGAAACTGAGAAACTTGAGTGCAGGAGAGGAGAGTAGAATTCCTAGTGTAGCGGTGAAATGCGTAGATATTAGGAGGAATACCAGTTGCGAAGGCGGCTCTCTGGACTGTAACTGACACTGAGGCACGAAAGCGTGGGGAGCAAACAGG,Bacteria,Firmicutes,Clostridia,Peptostreptococcales-Tissierellales,Peptostreptococcaceae,Romboutsia,sedimentorum,Bacteria*Firmicutes*Clostridia*Peptostreptococcales-Tissierellales*Peptostreptococcaceae*Romboutsia*sedimentorum,1256.667246630834,9.062136905289966e-05,0.0005258088365860374,0.1723466072599398,0.8635477693980442,0.9930777837826986,0,91,False
TACGTAGGGGGCTAGCGTTATCCGGAATTACTGGGCGTAAAGGGTGCGTAGGTGGTTTCTTAAGTCAGAGGTGAAAGGCTACGGCTCAACCGTAGTAAGCCTTTGAAACTGGGAAACTTGAGTGCAGGAGAGGAGAGTGGAATTCCTAGTGTAGCGGTGAAATGCGTAGATATTAGGAGGAACACCAGTTGCGAAGGCGGCTCTCTGGACTGTAACTGACACTGAGGCACGAAAGCGTGGGGAGCAAACAGG,Bacteria,Firmicutes,Clostridia,Peptostreptococcales-Tissierellales,Peptostreptococcaceae,Romboutsia,,Bacteria*Firmicutes*Clostridia*Peptostreptococcales-Tissierellales*Peptostreptococcaceae*Romboutsia*_,1266.3673863502893,-0.0011346631901216727,0.002584542811116853,-0.4390189186424632,0.6616884818880108,0.9706987547576728,0,91,False
TACGTAGGGGGCTAGCGTTATCCGGATTTACTGGGCGTAAAGGGTGCGTAGGCGGTCTTTCAAGTCAGGAGTGAAAGGCTACGGCTCAACCGTAGTAAGCTCTTGAAACTGGGAGACTTGAGTGCAGGAGAGGAGAGTGGAATTCCTAGTGTAGCGGTGAAATGCGTAGATATTAGGAGGAACACCAGTTGCGAAGGCGGCTCTCTGGACTGTAACTGACGCTGAGGCACGAAAGCGTGGGGAGCAAACAGG,Bacteria,Firmicutes,Clostridia,Peptostreptococcales-Tissierellales,Peptostreptococcaceae,Clostridioides,difficile,Bacteria*Firmicutes*Clostridia*Peptostreptococcales-Tissierellales*Peptostreptococcaceae*Clostridioides*difficile,1256.3819917418045,3.5476548496638134e-05,6.134453639402796e-05,0.5783163519040281,0.5644790508554021,0.9539541331513363,0,91,False
TACGTAGGGGGCTAGCGTTATCCGGATTTACTGGGCGTAAAGGGTGCGTAGGCGGTCTTTTAAGTCAGGAGTGAAAGGCTACGGCTCAACCGTAGTAAGCTCTTGAAACTGGAGGACTTGAGTGCAGGAGAGGAGAGTGGAATTCCTAGTGTAGCGGTGAAATGCGTAGATATTAGGAGGAACACCAGTAGCGAAGGCGGCTCTCTGGACTGTAACTGACGCTGAGGCACGAAAGCGTGGGGAGCAAACAGG,Bacteria,Firmicutes,Clostridia,Peptostreptococcales-Tissierellales,Peptostreptococcaceae,Intestinibacter,bartlettii,Bacteria*Firmicutes*Clostridia*Peptostreptococcales-Tissierellales*Peptostreptococcaceae*Intestinibacter*bartlettii,1265.1478394438454,-0.0027870525360683285,0.0024451304733520258,-1.13983796220394,0.2573451326678396,0.8853818901235723,0,91,False
TACGTAGGGGGCTAGCGTTATCCGGATTTACTGGGCGTAAAGGGTGCGTAGGTGGTTTCTTAAGTCAGGAGTGAAAGGCTACGGCTCAACCGTAGTAAGCTCTTGAAACTGGGAAACTTGAGTGCAGGAGAGGAAAGTGGAATTCCTAGTGTAGCGGTGAAATGCGTAGATATTAGGAGGAACACCAGTAGCGAAGGCGGCTTTCTGGACTGTAACTGACACTGAGGCACGAAAGCGTGGGGAGCAAACAGG,Bacteria,Firmicutes,Clostridia,Peptostreptococcales-Tissierellales,Peptostreptococcaceae,Terrisporobacter,mayombei,Bacteria*Firmicutes*Clostridia*Peptostreptococcales-Tissierellales*Peptostreptococcaceae*Terrisporobacter*mayombei,1257.985220544549,-0.00035977433759332037,0.0007345778662151118,-0.4897701852181386,0.6254751726927054,0.960594365798855,0,91,False
TACGTAGGGGGCTAGCGTTGTCCGGAATCACTGGGCGTAAAGGGTTCGCAGGCGGAAATGCAAGTCAGATGTAAAAGGCAGTAGCTTAACTACTGTAAGCATTTGAAACTGCATATCTTGAGAAGAGTAGAGGTAAGTGGAATTTTTAGTGTAGCGGTGAAATGCGTAGATATTAAAAAGAATACCGGTGGCGAAGGCGACTTACTGGGCTCATTCTGACGCTGAGGAACGAAAGCGTGGGTAGCAAACAGG,Bacteria,Firmicutes,Clostridia,Peptostreptococcales-Tissierellales,Peptostreptococcales-Tissierellales_fa,Peptoniphilus,,Bacteria*Firmicutes*Clostridia*Peptostreptococcales-Tissierellales*Peptostreptococcales-Tissierellales_fa*Peptoniphilus*_,1256.3875315526527,-9.251029133757388e-06,4.585702668023697e-05,-0.2017363488973067,0.840573129348337,0.9930777837826986,0,91,False
TACGTAGGGTGCAAGCGTTAATCGGAATTACTGGGCGTAAAGCGTGCGCAGGCGGTTCTGTAAGACAGATGTGAAATCCCCGGGCTCAACCTGGGAATGGCATTTGTGACTGCAGGACTAGAGTTCATCAGAGGGGGGTGGAATTCCAAGTGTAGCAGTGAAATGCGTAGATATTTGGAAGAACACCAATGGCGAAGGCAGCCCCCTGGGATGCGACTGACGCTCATGCACGAAAGCGTGGGGAGCAAACAGG,Bacteria,Proteobacteria,Gammaproteobacteria,Burkholderiales,Sutterellaceae,Sutterella,,Bacteria*Proteobacteria*Gammaproteobacteria*Burkholderiales*Sutterellaceae*Sutterella*_,1256.3819917418045,0.00011063048797251945,0.00011674555305690814,0.9476205737668837,0.34583232801762465,0.9191142356560728,0,91,False
TACGTAGGGTGCAAGCGTTAATCGGAATTACTGGGCGTAAAGCGTGCGCAGGCGGTTCTGTAAGACAGATGTGAAATCCCCGGGCTCAACCTGGGAATTGCATTTGTGACTGCAGGACTAGAGTTCATCAGAGGGGGGTGGAATTCCAAGTGTAGCAGTGAAATGCGTAGATATTTGGAAGAACACCAATGGCGAAGGCAGCCCCCTGGGATGCGACTGACGCTCATGCACGAAAGCGTGGGGAGCAAACAGG,Bacteria,Proteobacteria,Gammaproteobacteria,Burkholderiales,Sutterellaceae,Sutterella,,Bacteria*Proteobacteria*Gammaproteobacteria*Burkholderiales*Sutterellaceae*Sutterella*_,1261.2881437296867,-0.001177953081539046,0.0026657261372425183,-0.4418882589182791,0.6596184126032527,0.9706987547576728,0,91,False
TACGTAGGGTGCAAGCGTTAATCGGAATTACTGGGCGTAAAGCGTGCGCAGGCGGTTCTGTAAGATAGATGTGAAATCCCCGGGCTCAACCTGGGAATTGCATATATGACTGCAGGACTTGAGTTTGTCAGAGGAGGGTGGAATTCCACGTGTAGCAGTGAAATGCGTAGATATGTGGAAGAACACCGATGGCGAAGGCAGCCCTCTGGGACATGACTGACGCTCATGCACGAAAGCGTGGGGAGCAAACAGG,Bacteria,Proteobacteria,Gammaproteobacteria,Burkholderiales,Sutterellaceae,Sutterella,wadsworthensis,Bacteria*Proteobacteria*Gammaproteobacteria*Burkholderiales*Sutterellaceae*Sutterella*wadsworthensis,1260.9458792278374,0.0007400236645516347,0.00252881792615748,0.2926361984771656,0.7704664505932824,0.9930777837826986,0,91,False
TACGTAGGGTGCAAGCGTTAATCGGAATTACTGGGCGTAAAGCGTGCGCAGGCGGTTGGGTAAGACAGATGTGAAATCCCCGGGCTTAACCTGGGAACTGCATTTGTGACTGTCCGACTGGAGTACGTCAGAGGGGGGTGGAATTCCGCGTGTAGCAGTGAAATGCGTAGATATGCGGAAGAACACCGATGGCGAAGGCAGCCCCCTGGGACGCAACTGACGCTCATGCACGAAAGCGTGGGGAGCAAACAGG,Bacteria,Proteobacteria,Gammaproteobacteria,Burkholderiales,Sutterellaceae,Sutterella,,Bacteria*Proteobacteria*Gammaproteobacteria*Burkholderiales*Sutterellaceae*Sutterella*_,1257.5849615633235,-0.0011582461556566195,0.0009156117027409291,-1.2649971076050601,0.20910219248820655,0.8826670779283483,0,91,False
TACGTAGGGTGCAAGCGTTAATCGGAATTACTGGGCGTAAAGCGTGCGCAGGCGGTTTTGTAAGACAGAGGTGAAATCCCCGGGCTCAACCTGGGAACTGCCTTTGTGACTGCAAGGCTAGAGTACGGCAGAGGGGGATGGAATTCCGCGTGTAGCAGTGAAATGCGTAGATATGCGGAGGAACACCGATGGCGAAGGCAATCCCCTGGGCCTGTACTGACGCTCATGCACGAAAGCGTGGGGAGCAAACAGG,Bacteria,Proteobacteria,Gammaproteobacteria,Burkholderiales,Comamonadaceae,,,Bacteria*Proteobacteria*Gammaproteobacteria*Burkholderiales*Comamonadaceae*_*_,1256.3819917418045,2.7910398704480695e-05,5.9733582724524584e-05,0.46724802751571154,0.6414393386429096,0.9685280873155366,0,91,False
TACGTAGGGTGCAAGCGTTAATCGGAATTACTGGGCGTAAAGGGTGCGCAGGCGGCTGTGCAAGACAGATGTGAAATCCCCGGGCTTAACCTGGGAACTGCATTTGTGACTGCACGGCTAGAGTTTGTCAGAGGAGGGTGGAATTCCGCGTGTAGCAGTGAAATGCGTAGATATGCGGAAGAACACCAATGGCGAAGGCAGCCCTCTGGGACATGACTGACGCTCATGCACGAAAGCGTGGGGAGCAAACAGG,Bacteria,Proteobacteria,Gammaproteobacteria,Burkholderiales,Sutterellaceae,Sutterella,stercoricanis,Bacteria*Proteobacteria*Gammaproteobacteria*Burkholderiales*Sutterellaceae*Sutterella*stercoricanis,1257.3779103679392,-0.00017685921351006496,0.0007604256075917601,-0.2325792447602752,0.8166104377146853,0.9930777837826986,0,91,False
TACGTAGGGTGCAAGCGTTAATCGGAATTACTGGGCGTAAAGGGTGCGCAGGCGGCTGTGCAAGACAGATGTGAAATCCCCGGGCTTAACCTGGGAACTGCATTTGTGACTGCATGGCTAGAGTTTGTCAGAGGAGGGTGGAATTCCGCGTGTAGCAGTGAAATGCGTAGATATGCGGAAGAACACCAATGGCGAAGGCAGCCCTCTGGGACATGACTGACGCTCATGCACGAAAGCGTGGGGAGCAAACAGG,Bacteria,Proteobacteria,Gammaproteobacteria,Burkholderiales,Sutterellaceae,Sutterella,,Bacteria*Proteobacteria*Gammaproteobacteria*Burkholderiales*Sutterellaceae*Sutterella*_,1256.3819917418045,6.483619870782659e-05,0.00010089688361662596,0.6425986252873995,0.522100329505914,0.9539541331513363,0,91,False
TACGTAGGGTGCAAGCGTTATCCGGAATTATTGGGCGTAAAGGGCTCGTAGGCGGTTCGTCGCGTCCGGTGTGAAAGTCCATCGCTTAACGGTGGATCCGCGCCGGGTACGGGCGGGCTTGAGTGCGGTAGGGGAGACTGGAATTCCCGGTGTAACGGTGGAATGTGTAGATATCGGGAAGAACACCAATGGCGAAGGCAGGTCTCTGGGCCGTCACTGACGCTGAGGAGCGAAAGCGTGGGGAGCGAACAGG,Bacteria,Actinobacteriota,Actinobacteria,Bifidobacteriales,Bifidobacteriaceae,Bifidobacterium,,Bacteria*Actinobacteriota*Actinobacteria*Bifidobacteriales*Bifidobacteriaceae*Bifidobacterium*_,1278.0292195997115,-0.005292002724808116,0.010261672977973759,-0.5157056491828548,0.6073107020164009,0.9598764883716622,0,91,False
TACGTAGGGTGCAAGCGTTATCCGGAATTATTGGGCGTAAAGGGCTCGTAGGCGGTTCGTCGCGTCCGGTGTGAAAGTCCATCGCTTAACGGTGGATCCGCGCCGGGTACGGGCGGGCTTGAGTGCGGTAGGGGAGACTGGAATTCCCGGTGTAACGGTGGAATGTGTAGATATCGGGAAGAACACCAATGGCGAAGGCAGGTCTCTGGGCCGTTACTGACGCTGAGGAGCGAAAGCGTGGGGAGCGAACAGG,Bacteria,Actinobacteriota,Actinobacteria,Bifidobacteriales,Bifidobacteriaceae,Bifidobacterium,,Bacteria*Actinobacteriota*Actinobacteria*Bifidobacteriales*Bifidobacteriaceae*Bifidobacterium*_,1261.1726243551225,-0.0010345556745657175,0.0021380243908958826,-0.48388394396764306,0.6296306663260115,0.9627557868334752,0,91,False
TACGTAGGGTGCAAGCGTTATCCGGAATTATTGGGCGTAAAGGGCTCGTAGGCGGTTCGTCGCGTCCGGTGTGAAAGTCCATCGCTTAACGGTGGATCTGCGCCGGGTACGGGCGGGCTGGAGTGCGGTAGGGGAGACTGGAATTCCCGGTGTAACGGTGGAATGTGTAGATATCGGGAAGAACACCAATGGCGAAGGCAGGTCTCTGGGCCGTTACTGACGCTGAGGAGCGAAAGCGTGGGGAGCGAACAGG,Bacteria,Actinobacteriota,Actinobacteria,Bifidobacteriales,Bifidobacteriaceae,Bifidobacterium,,Bacteria*Actinobacteriota*Actinobacteria*Bifidobacteriales*Bifidobacteriaceae*Bifidobacterium*_,1260.9067323818222,0.008231347351982237,0.008346191545473603,0.9862399283714439,0.32663042332329073,0.9189073084248836,0,91,False
TACGTAGGGTGCAAGCGTTGTCCGGAATTACTGGGTGTAAAGGGAGCGTAGGCGGGTCAGCAAGTTGGATGTGAAATGTACCGGCTCAACTGGTAAACTGCATTCAAAACTGTTGATCTTGAGTGAAGTAGAGGCAGGCGGAATTCCTAGTGTAGCGGTGAAATGCGTAGATATTAGGAGGAACACCAGTGGCGAAGGCGGCCTGCTGGGCTTTTACTGACGCTGAGGCTCGAAAGCATGGGGAGCAAACAGG,Bacteria,Firmicutes,Clostridia,Oscillospirales,Ruminococcaceae,Angelakisella,,Bacteria*Firmicutes*Clostridia*Oscillospirales*Ruminococcaceae*Angelakisella*_,1256.3819917418045,-2.8897154008775816e-06,4.549242526204104e-05,-0.06352080339160913,0.9494911162568171,0.9930777837826986,0,91,False
TACGTAGGGTGCAAGCGTTGTCCGGATTTACTGGGCGTAAAGAGCTCGTAGGTGGTGTGTCGCGTCGTCTGTGAAATTCCGGGGCTTAACTCCGGGCGTGCAGGCGATACGGGCACGACTAGAGTGCTGTAGGGGTAACTGGAATTCCTGGTGTAGCGGTGAAATGCGCAGATATCAGGAGGAACACCGATGGCGAAGGCAGGTTACTGGGCAGTTACTGACGCTGAGGAGCGAAAGCATGGGGAGCGAACAGG,Bacteria,Actinobacteriota,Actinobacteria,Corynebacteriales,Corynebacteriaceae,Corynebacterium,durum,Bacteria*Actinobacteriota*Actinobacteria*Corynebacteriales*Corynebacteriaceae*Corynebacterium*durum,1256.3819917418045,1.0665877891681544e-05,4.68281950882385e-05,0.22776615395028146,0.8203390157856288,0.9930777837826986,0,91,False
TACGTAGGGTGCGAGCGTTAATCGGAATTACTGGGCGTAAAGCGTGCGCAGGCGGTTGGGTAAGACAGATGTGAAATCCCCGAGCTTAACTTGGGAACTGCATTTGTGACTGCCTAACTAGAGTATGTCAGAGGGAGGTGGAATTCCAAGTGTAGCAGTGAAATGCGTAGATATTTGGAAGAACACCGATGGCGAAGGCAGCCTCCTGGGATAATACTGACGCTCATGCACGAAAGCGTGGGGAGCAAACAGG,Bacteria,Proteobacteria,Gammaproteobacteria,Burkholderiales,Sutterellaceae,Parasutterella,,Bacteria*Proteobacteria*Gammaproteobacteria*Burkholderiales*Sutterellaceae*Parasutterella*_,1256.3819917418045,-2.8897154008775816e-06,4.549242526204104e-05,-0.06352080339160913,0.9494911162568171,0.9930777837826986,0,91,False
TACGTAGGGTGCGAGCGTTAATCGGAATTACTGGGCGTAAAGCGTGCGCAGGCGGTTGGGTAAGACAGATGTGAAATCCCCGGGCTTAACCTGGGAACTGCATTTGTGACTGTCCGACTGGAGTATGTCAGAGGGGGGTGGAATTCCAAGTGTAGCAGTGAAATGCGTAGATATTTGGAAGAACACCGATGGCGAAGGCAGCCCCCTGGGGCAAAACTGACGCTCATGCACGAAAGCGTGGGGAGCAAACAGG,Bacteria,Proteobacteria,Gammaproteobacteria,Burkholderiales,Sutterellaceae,Sutterella,,Bacteria*Proteobacteria*Gammaproteobacteria*Burkholderiales*Sutterellaceae*Sutterella*_,1257.3474219237598,8.797463681688183e-05,0.0010729178025675728,0.0819956911949377,0.9348302225730895,0.9930777837826986,0,91,False
TACGTAGGGTGCGAGCGTTAATCGGAATTACTGGGCGTAAAGCGTGCGCAGGCGGTTGGGTAAGACAGGTGTGAAATCCCCGAGCTTAACTTGGGAACTGCACTTGTGACTGCTCAACTAGAGTATGTCAGAGGGAGGTGGAATTCCAAGTGTAGCAGTGAAATGCGTAGATATTTGGAAGAACACCGATGGCGAAGGCAGCCTCCTGGGATAATACTGACGCTCATGCACGAAAGCGTGGGGAGCAAACAGG,Bacteria,Proteobacteria,Gammaproteobacteria,Burkholderiales,Sutterellaceae,Parasutterella,secunda,Bacteria*Proteobacteria*Gammaproteobacteria*Burkholderiales*Sutterellaceae*Parasutterella*secunda,1256.6568116759947,0.0009634392873771496,0.0017504052454637496,0.5504092780080178,0.5833872956261505,0.9539541331513363,0,91,False
TACGTAGGGTGCGAGCGTTAATCGGAATTACTGGGCGTAAAGCGTGCGCAGGCGGTTGTGTAAGACAGATGTGAAATGCCCGGGCTTAACCTGGGAATTGCATTTGTGACTGCACGGCTAGAGTGTGTCAGAGGGGGGTAGAATTCCACGTGTAGCAGTGAAATGCGTAGATATGTGGAGGAATACCGATGGCGAAGGCAGCCCCCTGGGATAACACTGACGCTCATGCACGAAAGCGTGGGGAGCAAACAGG,Bacteria,Proteobacteria,Gammaproteobacteria,Burkholderiales,Oxalobacteraceae,Oxalobacter,formigenes,Bacteria*Proteobacteria*Gammaproteobacteria*Burkholderiales*Oxalobacteraceae*Oxalobacter*formigenes,1256.7119347544335,-1.8454748139449395e-05,0.00016871009247755722,-0.10938733936088828,0.9131361343987044,0.9930777837826986,0,91,False
TACGTAGGGTGCGAGCGTTAATCGGAATTACTGGGCGTAAAGGGTGCGCAGGCGGTTGAGTAAGACAGATGTGAAATCCCCGAGCTTAACTCGGGAATGGCATATGTGACTGCTCGACTAGAGTGTGTCAGAGGGAGGTGGAATTCCACGTGTAGCAGTGAAATGCGTAGATATGTGGAAGAACACCGATGGCGAAGGCAGCCTCCTGGGACATAACTGACGCTCAGGCACGAAAGCGTGGGGAGCAAACAGG,Bacteria,Proteobacteria,Gammaproteobacteria,Burkholderiales,Sutterellaceae,Parasutterella,excrementihominis,Bacteria*Proteobacteria*Gammaproteobacteria*Burkholderiales*Sutterellaceae*Parasutterella*excrementihominis,1264.0420151663998,0.005912792916976593,0.004985846490634696,1.1859155567831967,0.23874294144802424,0.8853818901235723,0,91,False
TACGTAGGGTGCGAGCGTTATCCGGATTTATTGGGCGTAAAGGGCTCGTAGGCGGTTCGTCGCGTCCGGTGTGAAAGTCCATCGCCTAACGGTGGATCTGCGCCGGGTACGGGCGGGCTGGAGTGCGGTAGGGGAGACTGGAATTCCCGGTGTAACGGTGGAATGTGTAGATATCGGGAAGAACACCAATGGCGAAGGCAGGTCTCTGGGCCGTCACTGACGCTGAGGAGCGAAAGCGTGGGGAGCGAACAGG,Bacteria,Actinobacteriota,Actinobacteria,Bifidobacteriales,Bifidobacteriaceae,Bifidobacterium,animalis,Bacteria*Actinobacteriota*Actinobacteria*Bifidobacteriales*Bifidobacteriaceae*Bifidobacterium*animalis,1256.7044168080643,0.0008324905857467202,0.0006464140285434583,1.2878597137233263,0.20106019576646433,0.8826670779283483,0,91,False
TACGTAGGGTGCGAGCGTTGTCCGGAATTATTGGGCGTAAAGGGCTTGTAGGCGGTTTGTCGCGTCTGCCGTGAAATCCTCTGGCTTAACTGGGGGCGTGCGGTGGGTACGGGCAGACTTGAGTGCGGTAGGGGAGACTGGAACTCCTGGTGTAGCGGTGGAATGCGCAGATATCAGGAAGAACACCGGTGGCGAAGGCGGGTCTCTGGGCCGTTACTGACGCTGAGGAGCGAAAGCGTGGGGAGCGAACAGG,Bacteria,Actinobacteriota,Actinobacteria,Actinomycetales,Actinomycetaceae,Actinomyces,,Bacteria*Actinobacteriota*Actinobacteria*Actinomycetales*Actinomycetaceae*Actinomyces*_,1256.3890426928924,5.40088662684926e-06,5.169780478558799e-05,0.10447032807773857,0.917026028675799,0.9930777837826986,0,91,False
TACGTAGGTAGCAAGCGTTGTCCGGAATGACTGGGCGTAAAGGGTGCGTAGGCGGCTTGACAAGTTGGTAGTGAAATTCCGAGGCTTAACTTCGGCGCTACTACCAAGACTGCCGAGCTTGAGTACGGGAGAGGTAAGTGGAATTCCTAGTGTAGCGGTGGAATGCGTAGATATTAGGAGGAACACCGGTGGCGAAAGCGACTTACTGGCCCGCAACTGACGCTGAGGCACGAAAGCGTGGGGAGCAAACAGG,Bacteria,Firmicutes,Clostridia,Clostridia_vadinBB60_group,,,,Bacteria*Firmicutes*Clostridia*Clostridia_vadinBB60_group*_*_*_,1256.4770889873705,-0.0001120851141381357,7.495860185145528e-05,-1.4952935536371619,0.138297792011707,0.8826670779283483,0,91,False
TACGTAGGTAGCAAGCGTTGTCCGGAATGACTGGGCGTAAAGGGTGCGTAGGTGGCTAGGCAAGTTGGTAGTGAAATTCCGGGGCTTAACTCCGGCGCTACTACCAAGACTGTTTAGCTTGAGTACAGGAGAGGTAAGTGGAATTCCTAGTGTAGCGGTGGAATGCGTAGATATTAGGAGGAACACCGGTGGCGAAAGCGACTTACTGGCCTGCAACTGACACTGAGGCACGAAAGCGTGGGGAGCAAACAGG,Bacteria,Firmicutes,Clostridia,Clostridia_vadinBB60_group,,,,Bacteria*Firmicutes*Clostridia*Clostridia_vadinBB60_group*_*_*_,1256.7929482861923,-0.00046480898896413914,0.0003429843285318037,-1.3551901655501997,0.17871139132524136,0.8826670779283483,0,91,False
TACGTAGGTCACGAGCGTTATCCGGAATTATTGGGCGTAAAGAGTGAGCAGGCGGCTCGCTAAGTCCGAGGTGAAAGCGTGGGGCTCAACCCCATACAGCCTTGGAAACTGGCGGGCTAGAGTGCGCGAGAGGTCAACGGAACTCCATGTGTAGCGGTGAAATGCGTAGATATATGGAAGAACACCGGTGGCGAAGGCGGTTGGCCAGCGCTGCACTGACGCTCAGTCACGAAAGCGTGGGGAGCAAATAGG,Bacteria,Firmicutes,Bacilli,Erysipelotrichales,Erysipelatoclostridiaceae,,,Bacteria*Firmicutes*Bacilli*Erysipelotrichales*Erysipelatoclostridiaceae*_*_,1256.4073045885746,-3.195599529980937e-05,4.915584072753919e-05,-0.6500955904087765,0.5172683126314876,0.9539541331513363,0,91,False
TACGTAGGTCCCGAGCGTTATCCGGATTTATTGGGCGTAAAGCGAGCGCAGGCGGTTAGATAAGTCTGAAGTTAAAGGCTGTGGCTTAACCATAGTACGCTTTGGAAACTGTTTAACTTGAGTGCAAGAGGGGAGAGTGGAATTCCATGTGTAGCGGTGAAATGCGTAGATATATGGAGGAACACCGGTGGCGAAAGCGGCTCTCTGGCTTGTAACTGACGCTGAGGCTCGAAAGCGTGGGGAGCAAACAGG,Bacteria,Firmicutes,Bacilli,Lactobacillales,Streptococcaceae,Streptococcus,,Bacteria*Firmicutes*Bacilli*Lactobacillales*Streptococcaceae*Streptococcus*_,1256.3819917418045,0.00015992870610267995,0.00012353561070120003,1.2945959889210017,0.19873500508941924,0.8826670779283483,0,91,False
TACGTAGGTCCCGAGCGTTATCCGGATTTATTGGGCGTAAAGCGAGCGCAGGCGGTTAGATAAGTCTGAAGTTAAAGGCTGTGGCTTAACCATAGTACGCTTTGGAAACTGTTTAACTTGAGTGCAGAAGGGGAGAGTGGAATTCCATGTGTAGCGGTGAAATGCGTAGATATATGGAGGAACACCGGTGGCGAAAGCGGCTCTCTGGTCTGTAACTGACGCTGAGGCTCGAAAGCGTGGGGAGCAAACAGG,Bacteria,Firmicutes,Bacilli,Lactobacillales,Streptococcaceae,Streptococcus,,Bacteria*Firmicutes*Bacilli*Lactobacillales*Streptococcaceae*Streptococcus*_,1257.872124081647,-1.174369543982404e-05,0.0010081097270862925,-0.011649223417143756,0.9907309758672809,0.9999331984954238,0,91,False
TACGTAGGTCCCGAGCGTTGTCCGGATTTATTGGGCGTAAAGCGAGCGCAGGCGGTTAGAAAAGTCTGAAGTGAAAGGCAGTGGCTCAACCATTGTAGGCTTTGGAAACTGTTTAACTTGAGTGCAGAAGGGGAGAGTGGAATTCCATGTGTAGCGGTGAAATGCGTAGATATATGGAGGAACACCGGTGGCGAAAGCGGCTCTCTGGTCTGTAACTGACGCTGAGGCTCGAAAGCGTGGGGAGCGAACAGG,Bacteria,Firmicutes,Bacilli,Lactobacillales,Streptococcaceae,Streptococcus,,Bacteria*Firmicutes*Bacilli*Lactobacillales*Streptococcaceae*Streptococcus*_,1256.4368430447466,-5.591808118314079e-05,6.419233083274924e-05,-0.8711022089045699,0.3859906566431892,0.9421795910984004,0,91,False
TACGTAGGTCCCGAGCGTTGTCCGGATTTATTGGGCGTAAAGCGAGCGCAGGCGGTTAGATAAGTCTGAAGTTAAAGGCTGTGGCTTAACCATAGTACGCTTTGGAAACTGTTTAACTTGAGTGCAAGAGGGGAGAGTGGAATTCCATGTGTAGCGGTGAAATGCGTAGATATATGGAGGAACACCGGTGGCGAAAGCGGCTCTCTGGCTTGTAACTGACGCTGAGGCTCGAAAGCGTGGGGAGCAAACAGG,Bacteria,Firmicutes,Bacilli,Lactobacillales,Streptococcaceae,Streptococcus,,Bacteria*Firmicutes*Bacilli*Lactobacillales*Streptococcaceae*Streptococcus*_,1256.4098232979984,6.226411956180097e-05,9.159606172491985e-05,0.6797685226772282,0.49837664169870866,0.9539541331513363,0,91,False
TACGTAGGTCCCGAGCGTTGTCCGGATTTATTGGGCGTAAAGCGAGCGCAGGCGGTTTAATAAGTCTGAAGTTAAAGGCAGTGGCTTAACCATTGTTCGCTTTGGAAACTGTTAAACTTGAGTGCAGAAGGGGAGAGTGGAATTCCATGTGTAGCGGTGAAATGCGTAGATATATGGAGGAACACCGGTGGCGAAAGCGGCTCTCTGGTCTGTAACTGACGCTGAGGCTCGAAAGCGTGGGGAGCAAACAGG,Bacteria,Firmicutes,Bacilli,Lactobacillales,Streptococcaceae,Streptococcus,,Bacteria*Firmicutes*Bacilli*Lactobacillales*Streptococcaceae*Streptococcus*_,1256.3819917418045,0.0018608671223155815,0.002578053068191808,0.7218110229285367,0.47226133214241584,0.9539541331513363,0,91,False
TACGTAGGTCCCGAGCGTTGTCCGGATTTATTGGGCGTAAAGCGAGCGCAGGCGGTTTGATAAGTCTGAAGTTAAAGGCTGTGGCTCAACCATAGTTCGCTTTGGAAACTGTCAAACTTGAGTGCAGAAGGGGAGAGTGGAATTCCATGTGTAGCGGTGAAATGCGTAGATATATGGAGGAACACCGGTGGCGAAAGCGGCTCTCTGGTCTGTAACTGACGCTGAGGCTCGAAAGCGTGGGGAGCGAACAGG,Bacteria,Firmicutes,Bacilli,Lactobacillales,Streptococcaceae,Streptococcus,,Bacteria*Firmicutes*Bacilli*Lactobacillales*Streptococcaceae*Streptococcus*_,1264.1055762297933,-0.002216384790177029,0.0025266029143531372,-0.8772192803175284,0.3826775701765427,0.9406996616723681,0,91,False
TACGTAGGTCCCGAGCGTTGTCCGGATTTATTGGGCGTAAAGCGAGCGCAGGTGGTTTATTAAGTCTGGTGTAAAAGGCAGTGGCTCAACCATTGTATGCATTGGAAACTGGTAGACTTGAGTGCAGGAGAGGAGAGTGGAATTCCATGTGTAGCGGTGAAATGCGTAGATATATGGAGGAACACCGGTGGCGAAAGCGGCTCTCTGGCCTGTAACTGACACTGAGGCTCGAAAGCGTGGGGAGCAAACAGG,Bacteria,Firmicutes,Bacilli,Lactobacillales,Streptococcaceae,Lactococcus,,Bacteria*Firmicutes*Bacilli*Lactobacillales*Streptococcaceae*Lactococcus*_,1256.4324056733826,9.512515762110117e-05,8.293081502788263e-05,1.1470423580079203,0.2543710225062703,0.8853818901235723,0,91,False
TACGTAGGTCCCGAGCGTTGTCCGGATTTATTGGGCGTAAAGGGAGCGCAGGCGGTCAGGAAAGTCTGGAGTAAAAGGCTATGGCTCAACCATAGTGTGCTCTGGAAACTGTCTGACTTGAGTGCAGAAGGGGAGAGTGGAATTCCATGTGTAGCGGTGAAATGCGTAGATATATGGAGGAACACCAGTGGCGAAAGCGGCTCTCTGGTCTGTCACTGACGCTGAGGCTCGAAAGCGTGGGTAGCGAACAGG,Bacteria,Firmicutes,Bacilli,Lactobacillales,Streptococcaceae,Streptococcus,mutans,Bacteria*Firmicutes*Bacilli*Lactobacillales*Streptococcaceae*Streptococcus*mutans,1256.4082205513942,-5.18655535862824e-06,5.317669195819388e-05,-0.09753437394537015,0.9225165410014313,0.9930777837826986,0,91,False
TACGTAGGTGACAAGCGTTGTCCGGATTTACTGGGTGTAAAGGGCGCGTAGGCGGACTGTCAAGTCAGTCGTGAAATACCGGGGCTTAACCCCGGGGCTGCGATTGAAACTGACAGCCTTGAGTATCGGAGAGGAAAGCGGAATTCCTAGTGTAGCGGTGAAATGCGTAGATATTAGGAGGAACACCAGTGGCGAAGGCGGCTTTCTGGACGACAACTGACGCTGAGGCGCGAAAGTGTGGGGAGCAAACAGG,Bacteria,Firmicutes,Clostridia,Monoglobales,Monoglobaceae,Monoglobus,,Bacteria*Firmicutes*Clostridia*Monoglobales*Monoglobaceae*Monoglobus*_,1263.0306875162075,-0.00023590950039890238,0.0028962903891217827,-0.08145229542070717,0.9352611429701917,0.9930777837826986,0,91,False
TACGTAGGTGGCAAACGTTGTCCGGATTTATTGGGCGTAAAGGGAGCGCAGGCGGTTTATTAAGTCTGATGTGAAAGCCTTCGGCTTAACCGGAGAAGTGCATCGGAAACTGATAAACTTGAGTGCAGAAAAGGATAGTGGAACTTCATGTGTAGCGGTGAAATGCGTAGATATATGAAGGAACACCAGTGGCGAAGGCGGCTATCTGGTCTGTAACTGACGCTGAGGCTCGAAAGCATGGGTAGCAAACAGG,Bacteria,Firmicutes,Bacilli,Lactobacillales,Lactobacillaceae,Lactobacillus,sanfranciscensis,Bacteria*Firmicutes*Bacilli*Lactobacillales*Lactobacillaceae*Lactobacillus*sanfranciscensis,1256.3819917418045,4.999562049793707e-06,4.600016550867939e-05,0.10868574046435511,0.9136910488070866,0.9930777837826986,0,91,False
TACGTAGGTGGCAAGCGTTATCCGGAATCATTGGGCGTAAAGGGTGCGTAGGTGGCACGATAAGTCTGAAGTAAAAGGCAACAGCTCAACTGTTGTATGCTTTGGAAACTGTCGAGCTAGAGTGCAGAAGAGGGCGATGGAATTCCATGTGTAGCGGTAAAATGCGTAGATATATGGAGGAACACCAGTGGCGAAGGCGGTCGCCTGGTCTGTAACTGACACTGATGCACGAAAGCGTGGGGAGCAAATAGG,Bacteria,Firmicutes,Bacilli,Erysipelotrichales,Erysipelotrichaceae,Faecalitalea,,Bacteria*Firmicutes*Bacilli*Erysipelotrichales*Erysipelotrichaceae*Faecalitalea*_,1256.4015390882569,0.00018803488157359885,0.00016651473903998062,1.1292386647433725,0.26176517125513854,0.8853818901235723,0,91,False
TACGTAGGTGGCAAGCGTTATCCGGAATCATTGGGCGTAAAGGGTGCGTAGGTGGCGTACTAAGTCTGTAGTAAAAGGCAATGGCTCAACCATTGTAAGCTATGGAAACTGGTAGGCTAGAGTGCAGAAGAGGGCGATGGAATTCCATGTGTAGCGGTAAAATGCGTAGATATATGGAGGAACACCAGTGGCGAAGGCGGTCGCCTGGTCTGTAACTGACACTGAGGCACGAAAGCGTGGGGAGCAAATAGG,Bacteria,Firmicutes,Bacilli,Erysipelotrichales,Erysipelotrichaceae,,,Bacteria*Firmicutes*Bacilli*Erysipelotrichales*Erysipelotrichaceae*_*_,1256.4162988565602,-3.629597595743327e-05,5.452721498453478e-05,-0.6656488134911653,0.5073193687885136,0.9539541331513363,0,91,False
TACGTAGGTGGCAAGCGTTATCCGGAATCATTGGGCGTAAAGGGTGCGTAGGTGGCGTACTAAGTCTGTAGTAAAAGGCAATGGCTCAACCATTGTAAGCTATGGAAACTGGTATGCTGGAGTGCAGAAGAGGGCGATGGAATTCCATGTGTAGCGGTAAAATGCGTAGATATATGGAGGAACACCAGTGGCGAAGGCGGTCGCCTGGTCTGTAACTGACACTGAGGCACGAAAGCGTGGGGAGCAAATAGG,Bacteria,Firmicutes,Bacilli,Erysipelotrichales,Erysipelotrichaceae,,,Bacteria*Firmicutes*Bacilli*Erysipelotrichales*Erysipelotrichaceae*_*_,1256.5663784808378,0.002255119570708015,0.002831570114003474,0.7964201767617781,0.4278607133614448,0.9539541331513363,0,91,False
TACGTAGGTGGCAAGCGTTATCCGGAATGACTGGGCGTAAAGGGTGCGTAGGTGGTTTAGCAAGTTGGCAGCGTAATTCCGGGGCTCAACTCCGGCGCTACTGCCAAAACTGTTGAACTTGAGTGCAGGAGGGGTAAGTGGAATTCCTAGTGTAGCGGTGGAATGCGTAGATATTAGGAGGAACATCGGTGGCGAAGGCGACTTACTGGACTGTAACTGACACTGAGGCACGAAAGCGTGGGGAGCAAACAGG,Bacteria,Firmicutes,Clostridia,Clostridia_vadinBB60_group,,,,Bacteria*Firmicutes*Clostridia*Clostridia_vadinBB60_group*_*_*_,1256.3819917418045,-2.8897154008775816e-06,4.549242526204104e-05,-0.06352080339160913,0.9494911162568171,0.9930777837826986,0,91,False
TACGTAGGTGGCAAGCGTTATCCGGAATGATTGGGCGTAAAGGGTGCGTAGGTGGTACATTAAGTCTGAAGTAAAAGGCAGCAGCTCAACTGCTGTTCGCTTTGGAAACTGGTGAACTAGAGTGCAGGAGAGGGCGATGGAATTCCATGTGTAGCGGTAAAATGCGTAGATATATGGAGGAACACCAGTGGCGAAGGCGGTCGCCTGGCCTGTAACTGACACTGAGGCACGAAAGCGTGGGGAGCAAATAGG,Bacteria,Firmicutes,Bacilli,Erysipelotrichales,Erysipelotrichaceae,Faecalitalea,,Bacteria*Firmicutes*Bacilli*Erysipelotrichales*Erysipelotrichaceae*Faecalitalea*_,1256.3964481513108,0.00017697908652927708,0.00018021324643211257,0.9820537060018293,0.3286771732905125,0.9189073084248836,0,91,False
TACGTAGGTGGCAAGCGTTATCCGGAATTACTGGGTGTAAAGGGAGCGCAGGCGGGATAGCAAGTCAGCGGTGAAATGCATGGGCTTAACTCATGAGCTGCCGTTGAAACTGTTATTCTTGAGTGGAGTAGAGGCAGGCGGAATTCCGAGTGTAGCGGTGAAATGCGTAGATATTCGGAGGAACACCAGTGGCGAAGGCGGCCTGCTGGGCTCTAACTGACGCTGAGGCTCGAAAGTGTGGGGAGCAAACAGG,Bacteria,Firmicutes,Clostridia,Oscillospirales,,,,Bacteria*Firmicutes*Clostridia*Oscillospirales*_*_*_,1256.7307020278904,0.0003467696530980761,0.0008761417549064104,0.3957917210955413,0.6931851000368027,0.9863601602674217,0,91,False
TACGTAGGTGGCAAGCGTTATCCGGAATTACTGGGTGTAAAGGGAGCGCAGGCGGGATAGCAAGTCAGCTGTGAAAACTATGGGCTCAACCCATAAACTGCAGTTGAAACTGTTATTCTTGAGTGGAGTAGAGGCAAGCGGAATTCCGAGTGTAGCGGTGAAATGCGTAGATATTCGGAGGAACACCAGTGGCGAAGGCGGCTTGCTGGGCTCTAACTGACGCTGAGGCTCGAAAGTGTGGGGAGCAAACAGG,Bacteria,Firmicutes,Clostridia,Oscillospirales,,,,Bacteria*Firmicutes*Clostridia*Oscillospirales*_*_*_,1281.1874161145745,-0.02145240631490461,0.009174733886542006,-2.338204745793462,0.021567848030578405,0.75962931211253,0,91,False
TACGTAGGTGGCAAGCGTTATCCGGAATTACTGGGTGTAAAGGGAGCGCAGGCGGGATAGCAAGTCAGTTGTGAAAACTATGGGCTCAACCCATAGATTGCAGTTGAAACTGTTATTCTTGAGTGGAGTAGAGGCAAGCGGAATTCCGAGTGTAGCGGTGAAATGCGTAGATATTCGGAGGAACACCAGTGGCGAAGGCGGCTTGCTGGGCTCTAACTGACGCTGAGGCTCGAAAGTGTGGGGAGCAAACAGG,Bacteria,Firmicutes,Clostridia,Oscillospirales,,,,Bacteria*Firmicutes*Clostridia*Oscillospirales*_*_*_,1257.41379994579,0.0031072412658011373,0.0059903303393515,0.5187095017764113,0.60522243705401,0.9598764883716622,0,91,False
TACGTAGGTGGCAAGCGTTATCCGGAATTACTGGGTGTAAAGGGTGTGTAGGCGGGTTTGCAAGTCAGATGTGAAAATTATGGGCTCAACCCATAACCTGCGTCTGAAACTACAGATCTTGAGAGTGGGAGAGGTAAATGGAATTCCCGGTGTAGCGGTGAAATGCGTAGATATCGGGAGGAACACCAGTGGCGAAGGCGATTTACTGGACCACAACTGACGCTGAGACACGAAAGCGTGGGGAGCAAACAGG,Bacteria,Firmicutes,Clostridia,Oscillospirales,UCG-010,,,Bacteria*Firmicutes*Clostridia*Oscillospirales*UCG-010*_*_,1256.3987659799598,-4.922718108965458e-06,4.955286931934265e-05,-0.09934274597180402,0.9210846581402815,0.9930777837826986,0,91,False
TACGTAGGTGGCAAGCGTTATCCGGAATTATTGGGCGTAAAGAGAGAGCAGGCGGTTATTCAAGTCTGAAGTGAAAAGCAGTGGCTTAACCATTGTAGGCTTTGGAAACTAGATAGCTAGAGTGCAAGAGAGGTTAGCGGAACTCCATGTGTAGCGGTGAAATGCGTAGATATATGGAAGAACACCAGTGGCGAAGGCGGCTAACTAGCTTGAAACTGACGCTCAGTCTCGAAAGCGTGGGTAGCAAATAGG,Bacteria,Firmicutes,Bacilli,Erysipelotrichales,Erysipelatoclostridiaceae,UCG-004,,Bacteria*Firmicutes*Bacilli*Erysipelotrichales*Erysipelatoclostridiaceae*UCG-004*_,1256.429133272589,-2.3967758590204538e-05,6.442851092255566e-05,-0.3720054715995882,0.710753649811639,0.9875198362567608,0,91,False
TACGTAGGTGGCAAGCGTTATCCGGAATTATTGGGCGTAAAGAGGGAGCAGGCGGCAGCAAGGGTCTGTGGTGAAAGACTGAAGCTTAACTTCAGTAAGCCATAGAAACCGGGCAGCTAGAGTGCAGGAGAGGATCGTGGAATTCCATGTGTAGCGGTGAAATGCGTAGATATATGGAGGAACACCAGTGGCGAAGGCGACGATCTGGCCTGCAACTGACGCTCAGTCCCGAAAGCGTGGGGAGCAAATAGG,Bacteria,Firmicutes,Bacilli,Erysipelotrichales,Erysipelatoclostridiaceae,Erysipelatoclostridium,,Bacteria*Firmicutes*Bacilli*Erysipelotrichales*Erysipelatoclostridiaceae*Erysipelatoclostridium*_,1256.442006955013,-3.1924771983799166e-05,6.19680496467398e-05,-0.5151811645806536,0.6076756564252375,0.9598764883716622,0,91,False
TACGTAGGTGGCAAGCGTTATCCGGAATTATTGGGCGTAAAGAGGGAGCAGGCGGCAGCAAGGGTCTGTGGTGAAAGCCTGAAGCTTAACTTCAGTAAGCCATAGAAACCAGGCAGCTAGAGTGCAGGAGAGGATCGTGGAATTCCATGTGTAGCGGTGAAATGCGTAGATATATGGAGGAACACCAGTGGCGAAGGCGACGATCTGGCCTGCAACTGACGCTCAGTCCCGAAAGCGTGGGGAGCAAATAGG,Bacteria,Firmicutes,Bacilli,Erysipelotrichales,Erysipelatoclostridiaceae,Erysipelatoclostridium,ramosum,Bacteria*Firmicutes*Bacilli*Erysipelotrichales*Erysipelatoclostridiaceae*Erysipelatoclostridium*ramosum,1257.2697069088276,0.0006949625360621048,0.0011795823769615583,0.5891598159106383,0.5572138560745239,0.9539541331513363,0,91,False
TACGTAGGTGGCAAGCGTTATCCGGAATTATTGGGCGTAAAGAGGGAGCAGGCGGCGGCAAAGGTCTGTGGTGAAAGACTGAAGCTTAACTTCAGTAAGCCATAGAAACCGGGCGGCTAGAGTGCAGGAGAGGATCGTGGAATTCCATGTGTAGCGGTGAAATGCGTAGATATATGGAGGAACACCAGTGGCGAAGGCGACGGTCTGGCCTGTAACTGACGCTCATTCCCGAAAGCGTGGGGAGCAAATAGG,Bacteria,Firmicutes,Bacilli,Erysipelotrichales,Erysipelatoclostridiaceae,Erysipelatoclostridium,,Bacteria*Firmicutes*Bacilli*Erysipelotrichales*Erysipelatoclostridiaceae*Erysipelatoclostridium*_,1256.3819917418045,6.127081207111347e-05,9.63257494632762e-05,0.6360792665773415,0.5263213463367116,0.9539541331513363,0,91,False
TACGTAGGTGGCAAGCGTTATCCGGAATTATTGGGCGTAAAGGGTGCGTAGGCGGCGAGATAAGTCTGAGGTAAAAGCCCGTGGCTCAACCACGGTAAGCCTTGGAAACTGTCTGGCTGGAGTGCAGGAGAGGACAATGGAATTCCATGTGTAGCGGTAAAATGCGTAGATATATGGAGGAACACCAGTGGCGAAGGCGGTTGTCTGGCCTGTAACTGACGCTGAAGCACGAAAGCGTGGGGAGCAAATAGG,Bacteria,Firmicutes,Bacilli,Erysipelotrichales,Erysipelotrichaceae,Dielma,fastidiosa,Bacteria*Firmicutes*Bacilli*Erysipelotrichales*Erysipelotrichaceae*Dielma*fastidiosa,1256.4271610393212,-1.833709345155442e-05,5.073223378148441e-05,-0.3614485719382389,0.7186020046763032,0.9886333883312699,0,91,False
TACGTAGGTGGCAAGCGTTATCCGGAATTATTGGGCGTAAAGGGTGCGTAGGCGGCGGATTAAGTCCGGAGTAAAATTGTGGGGCTCAACCCCATCGAGCTTTGGAAACTGGTCGGCTGGAGTGCAGGAGAGGCAGATGGAATTCCATGTGTAGCGGTAAAATGCGTAGATATATGGAGGAACACCAGTGGCGAAGGCGGTCTGCTGGCCTGCAACTGACGCTGAAGCACGAAAGCGTGGGGAGCAAATAGG,Bacteria,Firmicutes,Bacilli,Erysipelotrichales,Erysipelotrichaceae,Dielma,,Bacteria*Firmicutes*Bacilli*Erysipelotrichales*Erysipelotrichaceae*Dielma*_,1256.4362603537797,-6.520465387227994e-05,5.8433897838737196e-05,-1.1158703472465301,0.2674156093269096,0.8853818901235723,0,91,False
TACGTAGGTGGCAAGCGTTATCCGGAATTATTGGGTGTAAAGGGTGCGTAGGCGGGATGTAAAGTCAGATGTGAAATACCGCAGCTTAACTGCGGAGCTGCATTTGAAACTTACGTTCTTGAGTGAAGTAGAGGTAAGCGGAATTCCTAGTGTAGCGGTGAAATGCGTAGATATTAGGAGGAACACCGGTGGCGAAGGCGGCTTACTGGGCTTATACTGACGCTGAGGCACGAAAGTGTGGGGAGCAAACAGG,Bacteria,Firmicutes,Clostridia,Oscillospirales,,,,Bacteria*Firmicutes*Clostridia*Oscillospirales*_*_*_,1256.4254436675053,-1.9095976608240803e-05,5.415057121562083e-05,-0.35264589420863174,0.725169403653487,0.9886333883312699,0,91,False
TACGTAGGTGGCAAGCGTTATCCGGATTTACTGGGTGTAAAGGGCGAGTAGGCGGGATTGCAAGTCAGATGTGAAAACTATGGGCTCAACCCATAGACTGCATTTGAAACTGTAGTTCTTGAGTGATGGAGAGGCAGGCGGAATTCCCGGTGTAGCGGTGGAATGCGTAGATATCGGGAGGAACACCAGTGGCGAAGGCGGCCTGCTGGACATTAACTGACGCTGAGGCGCGAAAGCGTGGGGAGCAAACAGG,Bacteria,Firmicutes,Clostridia,Oscillospirales,Butyricicoccaceae,UCG-009,,Bacteria*Firmicutes*Clostridia*Oscillospirales*Butyricicoccaceae*UCG-009*_,1256.6833343366586,-0.00025434724317129027,0.00019094867969879738,-1.3320188627253031,0.1861804764328788,0.8826670779283483,0,91,False
TACGTAGGTGGCAAGCGTTATCCGGATTTACTGGGTGTAAAGGGCGCGTAGGCGGGGATACAAGTCAGATGTGAAATCTATGGGCTTAACCCATAAACTGCATTTGAAACTGTATCTCTTGAGTGTCGGAGAGGTAGACGGAATTCCTAGTGTAGCGGTGAAATGCGTAGATATTAGGAGGAACACCAGTGGCGAAGGCGGTCTACTGGACGATAACTGACGCTGAGGCGCGAAAGCGTGGGGAGCAAACAGG,Bacteria,Firmicutes,Clostridia,Oscillospirales,Oscillospiraceae,NK4A214_group,,Bacteria*Firmicutes*Clostridia*Oscillospirales*Oscillospiraceae*NK4A214_group*_,1259.3047564089536,-0.0017435989968595828,0.0013932546177532145,-1.2514575402386532,0.21397513168845417,0.8826670779283483,0,91,False
TACGTAGGTGGCAAGCGTTATCCGGATTTACTGGGTGTAAAGGGCGCGTAGGCGGGGATGCAAGTCAGATGTGAAATCTATGGGCTTAACCCATAAACTGCATTTGAAACTGTATCTCTTGAGTGCTGGAGAGGTAGATGGAATTCCTTGTGTAGCGGTGAAATGCGTAGATATAAGGAAGAACACCAGTGGCGAAGGCGATCTACTGGACAGTAACTGACGCTGAGGCGCGAAAGCGTGGGGAGCAAACAGG,Bacteria,Firmicutes,Clostridia,Oscillospirales,Oscillospiraceae,NK4A214_group,,Bacteria*Firmicutes*Clostridia*Oscillospirales*Oscillospiraceae*NK4A214_group*_,1257.0016087606102,-0.0002894063039170954,0.00046168884426365164,-0.626842748125461,0.5323318123292203,0.9539541331513363,0,91,False
TACGTAGGTGGCAAGCGTTATCCGGATTTACTGGGTGTAAAGGGCGCGTAGGCGGGGATGCAAGTCAGATGTGAAATCTATGGGCTTAACCCATAAACTGCATTTGAAACTGTGTCTCTTGAGTGCTGGAGAGGTAGACGGAATTCCTTGTGTAGCGGTGAAATGCGTAGATATAAGGAAGAACACCAGTGGCGAAGGCGGTCTACTGGACAGTAACTGACGCTGAGGCGCGAGAGCGTGGGGAGCAAACAGG,Bacteria,Firmicutes,Clostridia,Oscillospirales,Oscillospiraceae,NK4A214_group,,Bacteria*Firmicutes*Clostridia*Oscillospirales*Oscillospiraceae*NK4A214_group*_,1256.3819917418045,-2.8897154008775816e-06,4.549242526204104e-05,-0.06352080339160913,0.9494911162568171,0.9930777837826986,0,91,False
TACGTAGGTGGCAAGCGTTATCCGGATTTACTGGGTGTAAAGGGCGTGTAGGCGGGAAAGCAAGTCAGATGTGAAAACTGTGGGCTCAACCCACAGCCTGCATTTGAAACTGTTTTTCTTGAGTACTGGAGAGGCAGATGGAATTCCTAGTGTAGCGGTGAAATGCGTAGATATTAGGAGGAACACCAGTGGCGAAGGCGATCTGCTGGACAGCAACTGACGCTGAGGCGCGAAAGCGTGGGGAGCAAACAGG,Bacteria,Firmicutes,Clostridia,Oscillospirales,Oscillospiraceae,Colidextribacter,,Bacteria*Firmicutes*Clostridia*Oscillospirales*Oscillospiraceae*Colidextribacter*_,1257.717014415077,-0.00045930715588796557,0.0003625130496249988,-1.2670086121398811,0.20838527271890264,0.8826670779283483,0,91,False
TACGTAGGTGGCAAGCGTTATCCGGATTTACTGGGTGTAAAGGGCGTGTAGGCGGGAAAGCAAGTCAGGCGTGAAAACTGGAGGCTCAACCTCCAGCCTGCGTTTGAAACTGTTTTTCTTGAGTGTCGGAGAGGCAATCGGAATTCCGTGTGTAGCGGTGAAATGCGTAGATATACGGAGGAACACCAGTGGCGAAGGCGGATTGCTGGACGATAACTGACGCTGAGGCGCGAAAGCGTGGGGAGCAAACAGG,Bacteria,Firmicutes,Clostridia,Oscillospirales,Oscillospiraceae,,,Bacteria*Firmicutes*Clostridia*Oscillospirales*Oscillospiraceae*_*_,1256.3819917418045,1.1502521512903648e-05,4.669026568477604e-05,0.2463580222601773,0.8059599582691566,0.9930777837826986,0,91,False
TACGTAGGTGGCAAGCGTTATCCGGATTTACTGGGTGTAAAGGGCGTGTAGGCGGGAAGGCAAGTCAGATGTGAAAACTATGGGCTCAACCCATAGCCTGCATTTGAAACTGTTTTTCTTGAGTGCTGGAGAGGCAATCGGAATTCCGTGTGTAGCGGTGAAATGCGTAGATATACGGAGGAACACCAGTGGCGAAGGCGGATTGCTGGACAGTAACTGACGCTGAGGCGCGAAAGCGTGGGGAGCAAACAGG,Bacteria,Firmicutes,Clostridia,Oscillospirales,Oscillospiraceae,,,Bacteria*Firmicutes*Clostridia*Oscillospirales*Oscillospiraceae*_*_,1259.2725172208313,-0.001064944487376927,0.0006901143585261285,-1.5431420520670227,0.126266837895356,0.8826670779283483,0,91,False
TACGTAGGTGGCAAGCGTTATCCGGATTTACTGGGTGTAAAGGGCGTGTAGGCGGGACTACAAGTCAGATGTGAAAACCAGAGGCTCAACCTCTGGCCTGCATTTGAAACTGCAGTTCTTGAGTGCTGGAGAGGCAATCGGAATTCCGTGTGTAGCGGTGAAATGCGTAGATATACGGAGGAACACCAGTGGCGAAGGCGGATTGCTGGACAGTAACTGACGCTGAGGCGCGAAAGCGTGGGGAGCAAACAGG,Bacteria,Firmicutes,Clostridia,Oscillospirales,Oscillospiraceae,Flavonifractor,,Bacteria*Firmicutes*Clostridia*Oscillospirales*Oscillospiraceae*Flavonifractor*_,1256.3819917418045,7.020891360580596e-05,7.867631048770764e-05,0.8923767925896243,0.37454470642347737,0.9406534746503771,0,91,False
TACGTAGGTGGCAAGCGTTATCCGGATTTACTGGGTGTAAAGGGCGTGTAGGCGGGACTGCAAGTCAGATGTGAAAACCATGGGCTCAACCTGTGGCCTGCATTTGAAACTGTAGTTCTTGAGTACTGGAGAGGCAGACGGAATTCCTAGTGTAGCGGTGAAATGCGTAGATATTAGGAGGAACACCAGTGGCGAAGGCGGTCTGCTGGACAGCAACTGACGCTGAGGCGCGAAAGCGTGGGGAGCAAACAGG,Bacteria,Firmicutes,Clostridia,Oscillospirales,Oscillospiraceae,Colidextribacter,,Bacteria*Firmicutes*Clostridia*Oscillospirales*Oscillospiraceae*Colidextribacter*_,1256.3819917418045,0.00010611377991254529,7.664657864767567e-05,1.3844555332381197,0.16960453504607897,0.8826670779283483,0,91,False
TACGTAGGTGGCAAGCGTTATCCGGATTTACTGGGTGTAAAGGGCGTGTAGGCGGGACTGCAAGTCAGATGTGAAAACTATGGGCTCAACCCATAGCCTGCATTTGAAACTGTAGTTCTTGAGTGTCGGAGAGGCAATCGGAATTCCGTGTGTAGCGGTGAAATGCGTAGATATACGGAGGAACACCAGTGGCGAAGGCGGATTGCTGGACGATAACTGACGCTGAGGCGCGAAAGCGTGGGGAGCAAACAGG,Bacteria,Firmicutes,Clostridia,Oscillospirales,Oscillospiraceae,,,Bacteria*Firmicutes*Clostridia*Oscillospirales*Oscillospiraceae*_*_,1256.5421835590523,4.6062844837050856e-05,0.00014934425476921865,0.30843399304668045,0.7584570710565077,0.9930777837826986,0,91,False
TACGTAGGTGGCAAGCGTTATCCGGATTTACTGGGTGTAAAGGGCGTGTAGGCGGGACTGCAAGTCAGGCGTGAAAACCAGAGGCTTAACCTCTGGCCTGCGTTTGAAACTGTAGTTCTTGAGTGCTGGAGAGGCAATCGGAATTCCGTGTGTAGCGGTGAAATGCGTAGATATACGGAGGAACACCAGTGGCGAAGGCGGATTGCTGGACAGTAACTGACGCTGAGGCGCGAAAGCGTGGGGAGCAAACAGG,Bacteria,Firmicutes,Clostridia,Oscillospirales,Oscillospiraceae,,,Bacteria*Firmicutes*Clostridia*Oscillospirales*Oscillospiraceae*_*_,1256.4058492563454,-3.02848797319712e-05,4.917718583808642e-05,-0.6158318987931263,0.539542764600881,0.9539541331513363,0,91,False
TACGTAGGTGGCAAGCGTTATCCGGATTTACTGGGTGTAAAGGGCGTGTAGGCGGGACTGCAAGTCAGGTGTGAAAACCACGGGCTCAACCTGTGGCCTGCATTTGAAACTGTAGTTCTTGAGTGCTGGAGAGGCAATCGGAATTCCGTGTGTAGCGGTGAAATGCGTAGATATACGGAGGAACACCAGTGGCGAAGGCGGATTGCTGGACAGTAACTGACGCTGAGGCGCGAAAGCGTGGGGAGCAAACAGG,Bacteria,Firmicutes,Clostridia,Oscillospirales,Oscillospiraceae,Pseudoflavonifractor,capillosus,Bacteria*Firmicutes*Clostridia*Oscillospirales*Oscillospiraceae*Pseudoflavonifractor*capillosus,1256.4532053846024,-1.4751459675422789e-05,7.305249383303831e-05,-0.2019295838022627,0.840422506272643,0.9930777837826986,0,91,False
TACGTAGGTGGCAAGCGTTATCCGGATTTACTGGGTGTAAAGGGCGTGTAGGCGGGACTGCAAGTCAGGTGTGAAAACCAGGGGCTCAACCTCTGGCCTGCATTTGAAACTGTAGTTCTTGAGTGCTGGAGAGGCAATCGGAATTCCGTGTGTAGCGGTGAAATGCGTAGATATACGGAGGAACACCAGTGGCGAAGGCGGATTGCTGGACAGTAACTGACGCTGAGGCGCGAAAGCGTGGGGAGCAAACAGG,Bacteria,Firmicutes,Clostridia,Oscillospirales,Oscillospiraceae,Flavonifractor,,Bacteria*Firmicutes*Clostridia*Oscillospirales*Oscillospiraceae*Flavonifractor*_,1256.4219309252437,3.886245869034544e-05,0.00011436674295147963,0.33980559109594416,0.7347859902709243,0.9905264452888182,0,91,False
TACGTAGGTGGCAAGCGTTATCCGGATTTACTGGGTGTAAAGGGCGTGTAGGCGGGAGTGCAAGTCAGATGTGAAAACTATGGGCTCAACCCATAGCCTGCATTTGAAACTGTACTTCTTGAGTGATGGAGAGGCAGGCGGAATTCCCTGTGTAGCGGTGAAATGCGTAGATATAGGGAGGAACACCAGTGGCGAAGGCGGCCTGCTGGACATTAACTGACGCTGAGGCGCGAAAGCGTGGGGAGCAAACAGG,Bacteria,Firmicutes,Clostridia,Oscillospirales,Oscillospiraceae,Intestinimonas,butyriciproducens,Bacteria*Firmicutes*Clostridia*Oscillospirales*Oscillospiraceae*Intestinimonas*butyriciproducens,1256.4810314059755,-5.798795608389772e-05,8.599899587470408e-05,-0.674286431999544,0.5018385754186495,0.9539541331513363,0,91,False
TACGTAGGTGGCAAGCGTTATCCGGATTTACTGGGTGTAAAGGGCGTGTAGGCGGGATCGCAAGTCAGATGTGAAAACTGGAGGCTCAACCTCCAGCCTGCATTTGAAACTGTGGTTCTTGAGTACTGGAGAGGCAGACGGAATTCCTAGTGTAGCGGTGAAATGCGTAGATATTAGGAGGAACACCAGTGGCGAAGGCGGTCTGCTGGACAGCAACTGACGCTGAGGCGCGAAAGCGTGGGGAGCAAACAGG,Bacteria,Firmicutes,Clostridia,Oscillospirales,Oscillospiraceae,Colidextribacter,,Bacteria*Firmicutes*Clostridia*Oscillospirales*Oscillospiraceae*Colidextribacter*_,1257.9701584733014,0.0005134623661565707,0.0008793474845291529,0.5839129299738708,0.5607235212348685,0.9539541331513363,0,91,False
TACGTAGGTGGCAAGCGTTATCCGGATTTACTGGGTGTAAAGGGCGTGTAGGCGGGATGGTAAGTCAGATGTGAAAACTATGGGCTCAACTCATAGCCTGCATTTGAAACTGCTGTTCTTGAGTACTGGAGAGGCAGACGGAATTCCTAGTGTAGCGGTGAAATGCGTAGATATTAGGAGGAACACCAGTGGCGAAGGCGGTCTGCTGGACAGCAACTGACGCTGAGGCGCGAAAGCGTGGGGAGCAAACAGG,Bacteria,Firmicutes,Clostridia,Oscillospirales,Oscillospiraceae,Colidextribacter,,Bacteria*Firmicutes*Clostridia*Oscillospirales*Oscillospiraceae*Colidextribacter*_,1256.5742417667523,-0.00014317354065839324,0.00010993301489060204,-1.3023707282190882,0.1960762737176168,0.8826670779283483,0,91,False
TACGTAGGTGGCAAGCGTTATCCGGATTTACTGGGTGTAAAGGGCGTGTAGGCGGGATTGCAAGTCAGATGTGAAAACCACGGGCTCAACCTGTGGCCTGCATTTGAAACTGCAGTTCTTGAGTACTGGAGAGGCAGACGGAATTCCTAGTGTAGCGGTGAAATGCGTAGATATTAGGAGGAACACCAGTGGCGAAGGCGGTCTGCTGGACAGCAACTGACGCTGAGGCGCGAAAGCGTGGGGAGCAAACAGG,Bacteria,Firmicutes,Clostridia,Oscillospirales,Oscillospiraceae,Colidextribacter,,Bacteria*Firmicutes*Clostridia*Oscillospirales*Oscillospiraceae*Colidextribacter*_,1257.4019444562477,-0.0008321124528191575,0.0006353153281719396,-1.309762909724661,0.19357302266215604,0.8826670779283483,0,91,False
TACGTAGGTGGCAAGCGTTATCCGGATTTACTGGGTGTAAAGGGCGTGTAGGCGGGATTGCAAGTCAGATGTGAAAACCACGGGCTCAACCTGTGGCCTGCATTTGAAACTGTAGTTCTTGAGTACTGGAGAGGCAGACGGAATTCCTAGTGTAGCGGTGAAATGCGTAGATATTAGGAGGAACACCAGTGGCGAAGGCGGTCTGCTGGACAGCAACTGACGCTGAGGCGCGAAAGCGTGGGGAGCAAACAGG,Bacteria,Firmicutes,Clostridia,Oscillospirales,Oscillospiraceae,Colidextribacter,,Bacteria*Firmicutes*Clostridia*Oscillospirales*Oscillospiraceae*Colidextribacter*_,1257.6032749547076,-0.00034675324349152874,0.0006834646242002515,-0.5073462930100854,0.6131392238099409,0.9598764883716622,0,91,False
TACGTAGGTGGCAAGCGTTATCCGGATTTACTGGGTGTAAAGGGCGTGTAGGCGGGATTGCAAGTCAGATGTGAAAACTGGGGGCTCAACCTCCAGCCTGCATTTGAAACTGTAGTTCTTGAGTGCTGGAGAGGCAATCGGAATTCCGTGTGTAGCGGTGAAATGCGTAGATATACGGAGGAACACCAGTGGCGAAGGCGGATTGCTGGACAGTAACTGACGCTGAGGCGCGAAAGCGTGGGGAGCAAACAGG,Bacteria,Firmicutes,Clostridia,Oscillospirales,Oscillospiraceae,Flavonifractor,plautii,Bacteria*Firmicutes*Clostridia*Oscillospirales*Oscillospiraceae*Flavonifractor*plautii,1258.9565484362788,0.0013004930523859179,0.001314149307315552,0.9896082927155894,0.3249896691217622,0.9189073084248836,0,91,False
TACGTAGGTGGCAAGCGTTATCCGGATTTACTGGGTGTAAAGGGCGTGTAGGCGGGCCTGCAAGTCAGGTGTGAAATTCCAGGGCTCAACCCTGGAACTGCACTTGAAACTGTGGGTCTTGAGTGATGGAGAGGCAGGCGGAATTCCGTGTGTAGCGGTGAAATGCGTAGATATACGGAGGAACACCAGTGGCGAAGGCGGCCTGCTGGACATTAACTGACGCTGAGGCGCGAAAGCGTGGGGAGCAAACAGG,Bacteria,Firmicutes,Clostridia,Oscillospirales,Oscillospiraceae,,,Bacteria*Firmicutes*Clostridia*Oscillospirales*Oscillospiraceae*_*_,1256.3819917418045,3.571896933876519e-05,7.133430659927339e-05,0.5007263831611847,0.617772659139421,0.9598764883716622,0,91,False
TACGTAGGTGGCAAGCGTTATCCGGATTTACTGGGTGTAAAGGGTGTGTAGGCGGGAAGCCAAGTCAGATGTGAAAATCATGGGCTCAACTCATGACTTGCATTTGAAACTGGTTTTCTTGAGTATGGGAGAGGTAAATGGAATTCCCGGTGTAGCGGTGAAATGCGTAGATATCGGGAGGAACACCAGTGGCGAAGGCGGTTTACTGGACCACAACTGACGCTGATACACGAAAGCGTGGGGAGCAAACAGG,Bacteria,Firmicutes,Clostridia,Oscillospirales,UCG-010,,,Bacteria*Firmicutes*Clostridia*Oscillospirales*UCG-010*_*_,1256.832304007071,-0.00028048646651405453,0.00015006348036116364,-1.8691187612002387,0.06482262408330207,0.8826670779283483,0,91,False
TACGTAGGTGGCAAGCGTTATCCGGATTTACTGGGTGTAAAGGGTGTGTAGGCGGGACGACAAGTCAGATGTGAAACTCATGGGCTCAACCCATGACCTGCATTTGAAACTGCCGTTCTTGAGAGTCGGAGAGGTAAATGGAATTCCCGGTGTAGCGGTGAAATGCGTAGATATCGGGAGGAACACCAGTGGCGAAGGCGATTTACTGGACGACCACTGACGCTGAGACACGAAAGCGTGGGGAGCAAACAGG,Bacteria,Firmicutes,Clostridia,Oscillospirales,UCG-010,,,Bacteria*Firmicutes*Clostridia*Oscillospirales*UCG-010*_*_,1256.6121793504904,-0.0002482000314740694,0.00012044777169761315,-2.060644443445423,0.042191381622612156,0.8826670779283483,0,91,False
TACGTAGGTGGCAAGCGTTATCCGGATTTACTGGGTGTAAAGGGTGTGTAGGCGGGGAAACAAGTCAGATGTGAAATGCCAAGGCTAAACCATGGAGCTGCATTTGAAACTGTTTTTCTTGAGAGTGGGAGAGGTAAGCGGAATTCCCGGTGTAGCGGTGAAATGCGTAGATATCGGGAGGAACACCAGTGGCGAAGGCGGCTTACTGGACCATTACTGACGCTGAGACACGAAAGCGTGGGGAGCAAACAGG,Bacteria,Firmicutes,Clostridia,Oscillospirales,UCG-010,,,Bacteria*Firmicutes*Clostridia*Oscillospirales*UCG-010*_*_,1256.6055177126887,-0.00022108420429641865,0.00011606426033081664,-1.9048430900801405,0.05995875842829115,0.8826670779283483,0,91,False
TACGTAGGTGGCAAGCGTTATCCGGATTTACTGGGTGTAAAGGGTGTGTAGGCGGGTCTGCAAGTCAGATGTGAAAACTATGGGCTCAACTCATAGCTTGCATTTGAAACTGTGGATCTTGAGTGTCGGAGAGGTAAATGGAATTCCCGGTGTAGAGGTGAAATTCGTAGATATCGGGAGGAACACCAGTGGCGAAGGCGGTTTACTGGACGATTACTGACGCTGAGACACGAAAGTGTGGGGAGCAAACAGG,Bacteria,Firmicutes,Clostridia,Oscillospirales,UCG-010,,,Bacteria*Firmicutes*Clostridia*Oscillospirales*UCG-010*_*_,1256.3819917418045,-2.8897154008775816e-06,4.549242526204104e-05,-0.06352080339160913,0.9494911162568171,0.9930777837826986,0,91,False
TACGTAGGTGGCAAGCGTTATCCGGATTTATTGGGCGTAAAGCGAGCGCAGGCGGTTGCTTAGGTCTGATGTGAAAGCCTTCGGCTTAACCGAAGAAGTGCATCGGAAACCGGGCGACTTGAGTGCAGAAGAGGACAGTGGAACTCCATGTGTAGCGGTGGAATGCGTAGATATATGGAAGAACACCAGTGGCGAAGGCGGCTGTCTGGTCTGCAACTGACGCTGAGGCTCGAAAGCATGGGTAGCGAACAGG,Bacteria,Firmicutes,Bacilli,Lactobacillales,Lactobacillaceae,Lactobacillus,,Bacteria*Firmicutes*Bacilli*Lactobacillales*Lactobacillaceae*Lactobacillus*_,1256.3819917418045,0.00018300967695651302,0.00024075639441579853,0.7601446158910571,0.44913309344513885,0.9539541331513363,0,91,False
TACGTAGGTGGCAAGCGTTATCCGGATTTATTGGGCGTAAAGCGAGCGCAGGCGGTTTGATAAGTCTGATGTGAAAGCCTTTGGCTTAACCAAAGAAGTGCATCGGAAACTGTCAGACTTGAGTGCAGAAGAGGACAGTGGAACTCCATGTGTAGCGGTGGAATGCGTAGATATATGGAAGAACACCAGTGGCGAAGGCGGCTGTCTGGTCTGCAACTGACGCTGAGGCTCGAAAGCATGGGTAGCGAACAGG,Bacteria,Firmicutes,Bacilli,Lactobacillales,Lactobacillaceae,Lactobacillus,,Bacteria*Firmicutes*Bacilli*Lactobacillales*Lactobacillaceae*Lactobacillus*_,1258.583084406668,-0.002498545559402169,0.0018206544238604755,-1.3723337755137015,0.1733327612935502,0.8826670779283483,0,91,False
TACGTAGGTGGCAAGCGTTATCCGGATTTATTGGGCGTAAAGCGAGCGCAGGCGGTTTTTTAAGTCTGATGTGAAAGCCCTCGGCTTAACCGAGGAAGCGCATCGGAAACTGGGAAACTTGAGTGCAGAAGAGGACAGTGGAACTCCATGTGTAGCGGTGAAATGCGTAGATATATGGAAGAACACCAGTGGCGAAGGCGGCTGTCTGGTCTGTAACTGACGCTGAGGCTCGAAAGCATGGGTAGCGAACAGG,Bacteria,Firmicutes,Bacilli,Lactobacillales,Lactobacillaceae,Lactobacillus,,Bacteria*Firmicutes*Bacilli*Lactobacillales*Lactobacillaceae*Lactobacillus*_,1256.3900666171269,-1.2162010947517954e-05,4.606888428395055e-05,-0.26399621211914065,0.7923797701125006,0.9930777837826986,0,91,False
TACGTAGGTGGCAAGCGTTATCCGGATTTATTGGGCGTAAAGGGTGCGCAGGCGGATTGTTAAGTTCGAGGTGAAAGCGTTGGGCTCAACCCAATATAGCCTTAAATACTGGCAATCTAGAGTGCAGAAGAGGGTAATGGAATTCCATGTGTAGCGGTAAAATGCGTAGATATATGGAGGAACACCAGCGGCGAAGGCGGTTACCTGGTCTGTAACTGACGCTCAGGCACGAAAGCGTGGGGAGCAAATAGG,Bacteria,Firmicutes,Bacilli,Erysipelotrichales,Erysipelotrichaceae,,,Bacteria*Firmicutes*Bacilli*Erysipelotrichales*Erysipelotrichaceae*_*_,1256.3819917418045,-2.8897154008775816e-06,4.549242526204104e-05,-0.06352080339160913,0.9494911162568171,0.9930777837826986,0,91,False
TACGTAGGTGGCAAGCGTTATCCGGATTTATTGGGTGTAAAGGGCGTGTAGGCGGGACTGCAAGTCAGGTGTGAAAACCAGGGGCTCAACCTCTGGCCTGCACTTGAAACTGTAGTTCTTGAGTGCTGGAGAGGCAATCGGAATTCCGTGTGTAGCGGTGAAATGCGTAGATATACGGAGGAACACCAGTGGCGAAGGCGGATTGCTGGACAGTAACTGACGCTGAGGCGCGAAAGCGTGGGGAGCAAACAGG,Bacteria,Firmicutes,Clostridia,Oscillospirales,Oscillospiraceae,Flavonifractor,,Bacteria*Firmicutes*Clostridia*Oscillospirales*Oscillospiraceae*Flavonifractor*_,1256.4441658007418,2.0087280586694354e-06,9.539381699700352e-05,0.021057214418126625,0.9832461184089892,0.9999331984954238,0,91,False
TACGTAGGTGGCAAGCGTTATCCGGATTTATTGGGTGTAAAGGGCGTGTAGGCGGGATTGCAAGTCAGATGTGAAAACTGGGGGCTCAACCTCCAGCCTGCATTTGAAACTGTAGTTCTTGAGTGTCGGAGAGGCAATCGGAATTCCGTGTGTAGCGGTGAAATGCGTAGATATACGGAGGAACACCAGTGGCGAAGGCGGATTGCTGGACGATAACTGACGCTGAGGCGCGAAAGCGTGGGGAGCAAACAGG,Bacteria,Firmicutes,Clostridia,Oscillospirales,Oscillospiraceae,Flavonifractor,,Bacteria*Firmicutes*Clostridia*Oscillospirales*Oscillospiraceae*Flavonifractor*_,1256.9597321928022,-0.0002728426282203201,0.0004192357351131076,-0.650809569338617,0.5168093624875076,0.9539541331513363,0,91,False
TACGTAGGTGGCAAGCGTTATCCGGATTTATTGGGTGTAAAGGGTGAGTAGGCGGGCTGACAAGTCAGATGTGAAATGTTCAGGCTTAACCTGAGAACTGCATTTGAAACTGCCAGTCTTGAGAGTCGGAGGGGTAATCGGAATTCCCGGTGTAGCGGTGAAATGCGTAGAGATCGGGAGGAACACCAGTGGCGAAGGCGGATTACTGGACGACAACTGACGCTGAAACACGAAAGCGTGGGGAGCAAACAGG,Bacteria,Firmicutes,Clostridia,Oscillospirales,UCG-010,,,Bacteria*Firmicutes*Clostridia*Oscillospirales*UCG-010*_*_,1256.9655348105603,-0.0004430354060997685,0.0003803707251258085,-1.164746329921246,0.24716600077579742,0.8853818901235723,0,91,False
TACGTAGGTGGCAAGCGTTGTCCGGAATGACTGGGCGTAAAGGGTGCGTAGGCGGTTTGCCAAGTTGGAAGCGTAATCCCGGGGCTTAACTCCGGTGCTACTTCCAAAACTGGTGAACTTGAGTGTGGGAGAGGTAAGTGGAATTCCTAGTGTAGCGGTGGAATGCGTAGATATTAGGAGGAACACCAGTGGCGAAGGCGGCTTACTGGACCATAACTGACGCTGAGGCACGAAAGCGTGGGGAGCAAACAGG,Bacteria,Firmicutes,Clostridia,Clostridia_vadinBB60_group,,,,Bacteria*Firmicutes*Clostridia*Clostridia_vadinBB60_group*_*_*_,1256.3819917418045,6.0097371775565605e-05,9.48151477268566e-05,0.633837242427698,0.5277770499067715,0.9539541331513363,0,91,False
TACGTAGGTGGCAAGCGTTGTCCGGAATGACTGGGCGTAAAGGGTGCGTAGGTGGCTATTCAAGTTAGTAGTGAAATCCCGGGGCTCAACTCCGGTGCTACTACTAAGACTGTTTAGCTTGAGTGCAGGAGGGGCAAGTGGAATTCCTAGTGTAGCGGTGGAATGCGTAGATATTAGGAGGAACACCAGTGGCGAAGGCGACTTGCTGGACTGTAACTGACACTGAGGTACGAAAGCGTGGGGAGCAAACAGG,Bacteria,Firmicutes,Clostridia,Clostridia_vadinBB60_group,,,,Bacteria*Firmicutes*Clostridia*Clostridia_vadinBB60_group*_*_*_,1256.3819917418045,3.85663264117593e-05,5.651995111007131e-05,0.6823488990047473,0.49675161696804604,0.9539541331513363,0,91,False
TACGTAGGTGGCAAGCGTTGTCCGGAATGATTGGGCGTAAAGGGCGCGCAGGCGGCTGTGTAAGTCTGTCCAGAAAGTGCGGGGCTAAACCCCGTGAGAGGATGGAAACTGGACAGCTGAGAGTGTCGGAGAGGAAAGCGGAATTCCTAGTGTAGCGGTGAAATGCGTAGATATTAGGAGGAACACCGGTGGCGAAAGCGGCTTTCTGGACGACAACTGACGCTGAGGCGCGAAAGCCAGGGGAGCAAACGGG,Bacteria,Firmicutes,Negativicutes,Veillonellales-Selenomonadales,Veillonellaceae,Anaeroglobus,geminatus,Bacteria*Firmicutes*Negativicutes*Veillonellales-Selenomonadales*Veillonellaceae*Anaeroglobus*geminatus,1256.3819917418045,-3.807276086588364e-09,4.534977065597886e-05,-8.39535907572758e-05,0.9999331984954238,0.9999331984954238,0,91,False
TACGTAGGTGGCAAGCGTTGTCCGGAATTACTGGGTGTAAAGGGAGCGCAGGCGGGAAATCAAGTTGGATGTGAAATGTCGGGGCTTAACCCCGGAACTGCATCCAAAACTGATATTCTTGAGTGAAGTAGAGGTAGGCGGAATTCCGAGTGTAGCGGTGAAATGCGTAGATATTCGGAGGAACACCAGTGGCGAAGGCGGCCTACTGGGCTTTAACTGACGCTGAGGCTCGAAAGTGTGGGGAGCAAACAGG,Bacteria,Firmicutes,Clostridia,Oscillospirales,,,,Bacteria*Firmicutes*Clostridia*Oscillospirales*_*_*_,1257.4186895065598,-0.00045750894154137495,0.0011937860269577425,-0.3832419974853415,0.7024341702963246,0.9865618584646082,0,91,False
TACGTAGGTGGCAAGCGTTGTCCGGAATTACTGGGTGTAAAGGGAGCGCAGGCGGGTGATCAAGTCAGCTGTGAAAACTACGGGCTTAACCCGTAGACTGCAGTTGAAACTGTTCATCTTGAGTGAAGTAGAGGTTGGCGGAATTCCGAGTGTAGCGGTGAAATGCGTAGATATTCGGAGGAACACCGGTGGCGAAGGCGGCCAACTGGGCTTTAACTGACGCTGAGGCTCGAAAGTGTGGGGAGCAAACAGG,Bacteria,Firmicutes,Clostridia,Oscillospirales,,,,Bacteria*Firmicutes*Clostridia*Oscillospirales*_*_*_,1258.6821934275088,0.0001372851455552612,0.0014235179404294461,0.0964407554384914,0.9233826007288675,0.9930777837826986,0,91,False
TACGTAGGTGGCAAGCGTTGTCCGGAATTACTGGGTGTAAAGGGAGCGTAGGCGGGAAAGCAAGTTGAATGTTTAAACTATCGGCTCAACCGATAATCGCGTTCAAAACTGTTTTTCTTGAGTGAAGTAGAGGTAGGCGGAATTCCTAGTGTAGCGGTGAAATGCGTAGATATTAGGAGGAACACCAGTGGCGAAGGCGGCCTACTGGGCTTTAACTGACGCTGAGGCTCGAAAGCGTGGGTAGCAAACAGG,Bacteria,Firmicutes,Clostridia,Oscillospirales,Ruminococcaceae,Paludicola,,Bacteria*Firmicutes*Clostridia*Oscillospirales*Ruminococcaceae*Paludicola*_,1256.9452519984877,-0.0005022690603196192,0.00033092387322382436,-1.5177782594726956,0.13253684627222848,0.8826670779283483,0,91,False
TACGTAGGTGGCAAGCGTTGTCCGGAATTACTGGGTGTAAAGGGAGCGTAGGCGGGAAGACAAGTTGGGAGTGAAATGTATGGGCTTAACCCATAAACTGCTTTCAAAACTGTTTTTCTTGAGTGAAGTAGAGGCAGGCGGAATTCCTAGTGTAGCGGTGAAATGCGTAAATATTAGGAGGAACACCAGTGGCGAAGGCGGCCTGCTGGGCTTTAACTGACGCTGAGGCTCGAAAGCGTGGGTAGCAAACAGG,Bacteria,Firmicutes,Clostridia,Oscillospirales,Ruminococcaceae,Paludicola,,Bacteria*Firmicutes*Clostridia*Oscillospirales*Ruminococcaceae*Paludicola*_,1256.408234235572,-5.6299202236229795e-06,5.8361663059575784e-05,-0.09646606913644558,0.9233625532257463,0.9930777837826986,0,91,False
TACGTAGGTGGCAAGCGTTGTCCGGAATTACTGGGTGTAAAGGGAGCGTAGGCGGGAAGGCAAGTTGGACGTTTAATCTATCGGCTCAACCGATATCAGCGTTCAAAACTGTTTTTCTTGAGTGAAGTAGAGGTAAGCGGAATTCCTAGTGTAGCGGTGAAATGCGTAAATATTAGGAGGAACACCAGTGGCGAAGGCGGCTTACTGGGCTTTAACTGACGCTGAGGCTCGAAAGCGTGGGTAGCAAACAGG,Bacteria,Firmicutes,Clostridia,Oscillospirales,Ruminococcaceae,,,Bacteria*Firmicutes*Clostridia*Oscillospirales*Ruminococcaceae*_*_,1256.3819917418045,9.11664981772308e-06,5.182357008194327e-05,0.17591705479394534,0.8607499876246199,0.9930777837826986,0,91,False
TACGTAGGTGGCAAGCGTTGTCCGGAATTACTGGGTGTAAAGGGAGCGTAGGCGGGATGCCAAGTCAGCTGTGAAAACTATGGGCTTAACCCGTAGACTGCAGTTGAAACTGGTATTCTTGAGTGAAGTAGAGGTTGGCGGAATTCCGAGTGTAGCGGTGAAATGCGTAGATATTCGGAGGAACACCGGTGGCGAAGGCGGCCAACTGGGCTTTAACTGACGCTGAGGCTCGAAAGTGTGGGGAGCAAACAGG,Bacteria,Firmicutes,Clostridia,Oscillospirales,,,,Bacteria*Firmicutes*Clostridia*Oscillospirales*_*_*_,1258.160723628859,-0.0008408498210857932,0.000887849924337237,-0.9470630092281322,0.34611480662615335,0.9191142356560728,0,91,False
TACGTAGGTGGCAAGCGTTGTCCGGAATTACTGGGTGTAAAGGGAGCGTAGGCGGGATGCCAAGTCAGCTGTGAAAACTATGGGCTTAACCTGTAGACTGCAGTTGAAACTGGTATTCTTGAGTGAAGTAGAGGTTGGCGGAATTCCGAGTGTAGCGGTGAAATGCGTAGATATTCGGAGGAACACCGGTGGCGAAGGCGGCCAACTGGGCTTTAACTGACGCTGAGGCTCGAAAGTGTGGGGAGCAAACAGG,Bacteria,Firmicutes,Clostridia,Oscillospirales,,,,Bacteria*Firmicutes*Clostridia*Oscillospirales*_*_*_,1258.0145472332665,-0.000592230543254191,0.001073229585721854,-0.551820925488051,0.5824236756423298,0.9539541331513363,0,91,False
TACGTAGGTGGCAAGCGTTGTCCGGAATTACTGGGTGTAAAGGGAGCGTAGGCGGGATGCCAAGTCAGCTGTGAAAACTATGGGCTTAACTTGTAGACTGCAGTTGAAACTGGTATTCTTGAGTGAAGTAGAGGTTGGCGGAATTCCGAGTGTAGCGGTGAAATGCGTAGATATTCGGAGGAACACCGGTGGCGAAGGCGGCCAACTGGGCTTTAACTGACGCTGAGGCTCGAAAGTGTGGGGAGCAAACAGG,Bacteria,Firmicutes,Clostridia,Oscillospirales,,,,Bacteria*Firmicutes*Clostridia*Oscillospirales*_*_*_,1257.843908796521,-4.141615709723668e-05,0.0012730861308619874,-0.03253209354279465,0.9741189709533224,0.9992900037944935,0,91,False
TACGTAGGTGGCAAGCGTTGTCCGGAATTACTGGGTGTAAAGGGAGCGTAGGCGGGATGCTAAGCAAATTGTGAAACCAATCGGCTCAACCGGTTGTTGCGATTTGAACTGGCGTCCTTGAGTGGAGTAGAGGCAGGCGGAATTCCCAGTGTAGCGGTGAAATGCGTAGATATTGGGAGGAACACCAGTGGCGAAGGCGGCCTGCTGGGCTCTAACTGACGCTGAGGCTCGAAAGTGTGGGTAGCAAACAGG,Bacteria,Firmicutes,Clostridia,Oscillospirales,Ruminococcaceae,Harryflintia,,Bacteria*Firmicutes*Clostridia*Oscillospirales*Ruminococcaceae*Harryflintia*_,1256.3819917418045,-2.8897154008775816e-06,4.549242526204104e-05,-0.06352080339160913,0.9494911162568171,0.9930777837826986,0,91,False
TACGTAGGTGGCAAGCGTTGTCCGGAATTACTGGGTGTAAAGGGAGCGTAGGCGGGCAGGCAAGTCAGGCGTGAAATATATCGGCTCAACCGGTAACGGCGCTTGAAACTGCAGGTCTTGAGTGAAGTAGAGGTTGGCGGAATTCCTAGTGTAGCGGTGAAATGCGTAGATATTAGGAGGAACACCAGTGGCGAAGGCGGCCAACTGGGCTTTTACTGACGCTGAGGCTCGAAAGTGTGGGGAGCAAACAGG,Bacteria,Firmicutes,Clostridia,Oscillospirales,Ruminococcaceae,,,Bacteria*Firmicutes*Clostridia*Oscillospirales*Ruminococcaceae*_*_,1260.4529469097356,-0.00031931856465965825,0.0019968613553345473,-0.15991023302975418,0.8733062025984266,0.9930777837826986,0,91,False
TACGTAGGTGGCAAGCGTTGTCCGGAATTACTGGGTGTAAAGGGAGCGTAGGCGGGGAGACAAGTTGAATGTCTAAACTATCGGCTTAACTGATAGTCGCGTTCAAAACTATCACTCTTGAGTGCAGTAGAGGTAGGCGGAATTCCTAGTGTAGCGGTGAAATGCGTAGATATTAGGAGGAACACCAGTGGCGAAGGCGGCCTACTGGGCTGTAACTGACGCTGAGGCTCGAAAGCGTGGGTAGCAAACAGG,Bacteria,Firmicutes,Clostridia,Oscillospirales,Ruminococcaceae,Negativibacillus,massiliensis,Bacteria*Firmicutes*Clostridia*Oscillospirales*Ruminococcaceae*Negativibacillus*massiliensis,1257.4923717155575,-0.00039099898087306765,0.00063877956413423,-0.6121031461033168,0.5419959300261302,0.9539541331513363,0,91,False
TACGTAGGTGGCAAGCGTTGTCCGGAATTACTGGGTGTAAAGGGAGCGTAGGCGGGGAGACAAGTTGAATGTTTAAACTATCGGCTCAACTGATAGTCGCGTTCAAAACTATCACTCTTGAGTGCAGTAGAGGTAGGCGGAATTCCTAGTGTAGCGGTGAAATGCGTAGATATTAGGAGGAACACCAGTGGCGAAGGCGGCCTACTGGGCTGTAACTGACGCTGAGGCTCGAAAGCGTGGGTAGCAAACAGG,Bacteria,Firmicutes,Clostridia,Oscillospirales,Ruminococcaceae,Negativibacillus,,Bacteria*Firmicutes*Clostridia*Oscillospirales*Ruminococcaceae*Negativibacillus*_,1257.4882692983617,0.00048355735438841116,0.000975442417460957,0.49573131712591945,0.6212791024763238,0.9598764883716622,0,91,False
TACGTAGGTGGCAAGCGTTGTCCGGAATTACTGGGTGTAAAGGGAGCGTAGGCGGGGAGGCAAGTTGAATGTCTAAACTATCGGCTCAACTGATAGTCGCGTTCAAAACTGCCACTCTTGAGTGCAGTAGAGGTAGGCGGAATTCCTAGTGTAGCGGTGAAATGCGTAGATATTAGGAGGAACACCAGTGGCGAAGGCGGCCTACTGGGCTGTAACTGACGCTGAGGCTCGAAAGCGTGGGTAGCAAACAGG,Bacteria,Firmicutes,Clostridia,Oscillospirales,Ruminococcaceae,Negativibacillus,,Bacteria*Firmicutes*Clostridia*Oscillospirales*Ruminococcaceae*Negativibacillus*_,1258.635625902712,0.000461113171782498,0.0012405189556916685,0.3717098958196878,0.7109729717989921,0.9875198362567608,0,91,False
TACGTAGGTGGCAAGCGTTGTCCGGAATTACTGGGTGTAAAGGGAGCGTAGGCGGGGAGGCAAGTTGAATGTTTAAACTATCGGCTCAACTGATAGTCGCGTTCAAAACTGCCACTCTTGAGTGCAGTAGAGGTAGGCGGAATTCCTAGTGTAGCGGTGAAATGCGTAGATATTAGGAGGAACACCAGTGGCGAAGGCGGCCTACTGGGCTGTAACTGACGCTGAGGCTCGAAAGCGTGGGTAGCAAACAGG,Bacteria,Firmicutes,Clostridia,Oscillospirales,Ruminococcaceae,Negativibacillus,,Bacteria*Firmicutes*Clostridia*Oscillospirales*Ruminococcaceae*Negativibacillus*_,1256.3819917418045,-2.8897154008775816e-06,4.549242526204104e-05,-0.06352080339160913,0.9494911162568171,0.9930777837826986,0,91,False
TACGTAGGTGGCAAGCGTTGTCCGGAATTACTGGGTGTAAAGGGAGCGTAGGCGGGGATACAAGTTGAATGTTAAAACTATGGGCTCAACCCATAGTTGCGTTCAAAACTGTATTTCTTGAGTGAAGTAGAGGTAAGCGGAATTCCTAGTGTAGCGGTGAAATGCGTAAATATTAGGAGGAACACCAGTGGCGAAGGCGGCTTACTGGGCTTTAACTGACGCTGAGGCTCGAAAGCGTGGGTAGCAAACAGG,Bacteria,Firmicutes,Clostridia,Oscillospirales,Ruminococcaceae,Paludicola,,Bacteria*Firmicutes*Clostridia*Oscillospirales*Ruminococcaceae*Paludicola*_,1256.5218114502663,-5.3557997340032374e-05,0.00012479312277393996,-0.4291742697796859,0.668810772519224,0.9708149056311954,0,91,False
TACGTAGGTGGCAAGCGTTGTCCGGAATTACTGGGTGTAAAGGGAGCGTAGGCGGGGATGCAAGTTGAATGTTTAAACTATCGGCTCAACTGATAGTCGCGTTCAAAACTGCAACTCTTGAGTGAAGTAGAGGTAGGCGGAATTCCTAGTGTAGCGGTGAAATGCGTAGATATTAGGAGGAACACCAGTGGCGAAGGCGGCCTACTGGGCTTTTACTGACGCTGAGGCTCGAAAGCATGGGGAGCAAACAGG,Bacteria,Firmicutes,Clostridia,Oscillospirales,Ruminococcaceae,Negativibacillus,,Bacteria*Firmicutes*Clostridia*Oscillospirales*Ruminococcaceae*Negativibacillus*_,1256.5889402942676,-0.00013897984642777028,9.863469470387704e-05,-1.4090361088967551,0.16223248510210728,0.8826670779283483,0,91,False
TACGTAGGTGGCAAGCGTTGTCCGGAATTACTGGGTGTAAAGGGAGCGTAGGCGGTCTTGCAAGTTGAATGTTTAAACTATCGGCTTAACTGGTAGTCGCGTTCAAAACTGCAGGACTTGAGTGAAGTAGAGGCAGGCGGAATTCCCGGTGTAGCGGTGAAATGCGTAGATATCGGGAGGAACACCAGTGGCGAAGGCGGCCTGCTGGGCTTTTACTGACGCTGAGGCTCGAAAGTGTGGGGAGCAAACAGG,Bacteria,Firmicutes,Clostridia,Oscillospirales,,,,Bacteria*Firmicutes*Clostridia*Oscillospirales*_*_*_,1256.3819917418045,4.72555315307908e-06,4.617715377233502e-05,0.10233530581761806,0.9187156996685134,0.9930777837826986,0,91,False
TACGTAGGTGGCAAGCGTTGTCCGGAATTACTGGGTGTAAAGGGAGTGTAGGCGGGATATCAAGTCAGAAGTGAAAATTACGGGCTCAACTCGTAACCTGCTTTTGAAACTGACATTCTTGAGTGAAGTAGAGGCAAGCGGAATTCCTAGTGTAGCGGTGAAATGCGTAGATATTAGGAGGAACACCAGTGGCGAAGGCGGCTTGCTGGGCTTTTACTGACGCTGAGGCTCGAAAGCGTGGGGAGCAAACAGG,Bacteria,Firmicutes,Clostridia,Oscillospirales,Ruminococcaceae,,,Bacteria*Firmicutes*Clostridia*Oscillospirales*Ruminococcaceae*_*_,1261.104730937795,0.0011123805508855293,0.003522987913342941,0.3157491817307992,0.7529159167765902,0.9930777837826986,0,91,False
TACGTAGGTGGCAAGCGTTGTCCGGAATTACTGGGTGTAAAGGGCGTGTAGGCGGAGCTGCAAGTCAGATGTGAAATCTCCGGGCTTAACCCGGAAACTGCATTTGAAACTGTAGCCCTTGAGTATCGGAGAGGCAAGCGGAATTCCTAGTGTAGCGGTGAAATGCGTAGATATTAGGAGGAACACCAGTGGCGAAGGCGGCTTGCTGGACGACAACTGACGCTGAGGCGCGAAAGCGTGGGGAGCAAACAGG,Bacteria,Firmicutes,Clostridia,Oscillospirales,Oscillospiraceae,UCG-005,,Bacteria*Firmicutes*Clostridia*Oscillospirales*Oscillospiraceae*UCG-005*_,1256.3819917418045,0.0005617536544103004,0.00041732328783447467,1.3460874836994765,0.18161809205019874,0.8826670779283483,0,91,False
TACGTAGGTGGCAAGCGTTGTCCGGAATTACTGGGTGTAAAGGGTGCGCAGGCGGGATTGCAAGTTGGATGTGAAATACCGGGGCTTAACCCCGGAGCTGCATCCAAAACTGTAGTTCTTGAGTGGAGTAGAGGTAAGCGGAATTCCGAGTGTAGCGGTGAAATGCGTAGATATTCGGAGGAACACCAGTGGCGAAGGCGGCTTACTGGGCTCTAACTGACGCTGAGGCACGAAAGCATGGGTAGCAAACAGG,Bacteria,Firmicutes,Clostridia,Oscillospirales,,,,Bacteria*Firmicutes*Clostridia*Oscillospirales*_*_*_,1258.1888502822305,-0.0012353587652169588,0.0007359675227731294,-1.6785506520207858,0.09667066034686725,0.8826670779283483,0,91,False
TACGTAGGTGGCAAGCGTTGTCCGGAATTACTGGGTGTAAAGGGTGCGTAGGCGGGGATGCAAGTCAGATGTGAAATCTATCGGCTTAACTGGTAAACTGCATTTGAAACTGCATTTCTTGAGTGGTGGAGAGGTAAGCGGAATTCCTAGTGTAGCGGTGAAATGCGTAGATATTAGGAGGAACACCAGTGGCGAAGGCGGCTTACTGGACACTAACTGACGCTGAGGCACGAAAGCATGGGGAGCAAACAGG,Bacteria,Firmicutes,Clostridia,Oscillospirales,,,,Bacteria*Firmicutes*Clostridia*Oscillospirales*_*_*_,1256.3819917418045,0.00011767836821879383,0.00011044173068543462,1.065524485069606,0.2894576203244756,0.897683688214678,0,91,False
TACGTAGGTGGCAAGCGTTGTCCGGAATTATTGGGCGTAAAGAGCATGTAGGCGGCCTATTAAGTCGGGCGTGAAAATGCGGGGCTCAACCCCGTATGGCGCCCGATACTGGTGGGCTTGAGTGCAGGAGAGGAAAGGGGAATTCCCAGTGTAGCGGTGAAATGCGTAGATATTGGGAGGAACACCAGTGGCGAAGGCGCCTTTCTGGACTGTGTCTGACGCTGAGATGCGAAAGCCAGGGGAGCGAACGGG,Bacteria,Firmicutes,Negativicutes,Acidaminococcales,Acidaminococcaceae,Phascolarctobacterium,,Bacteria*Firmicutes*Negativicutes*Acidaminococcales*Acidaminococcaceae*Phascolarctobacterium*_,1261.8182733484368,0.0010750131897577237,0.004757441648952499,0.22596455596978723,0.8217357348737045,0.9930777837826986,0,91,False
TACGTAGGTGGCAAGCGTTGTCCGGAATTATTGGGCGTAAAGAGCATGTAGGCGGGCTTTTAAGTCCGACGTGAAAATGCGGGGCTTAACCCCGTATGGCGTTGGATACTGGAAGTCTTGAGTGCAGGAGAGGAAAGGGGAATTCCCAGTGTAGCGGTGAAATGCGTAGATATTGGGAGGAACACCAGTGGCGAAGGCGCCTTTCTGGACTGTGTCTGACGCTGAGATGCGAAAGCCAGGGTAGCAAACGGG,Bacteria,Firmicutes,Negativicutes,Acidaminococcales,Acidaminococcaceae,Acidaminococcus,fermentans,Bacteria*Firmicutes*Negativicutes*Acidaminococcales*Acidaminococcaceae*Acidaminococcus*fermentans,1256.3819917418045,8.467171437483284e-05,0.00013651087432282245,0.6202561868778322,0.5366393530300537,0.9539541331513363,0,91,False
TACGTAGGTGGCAAGCGTTGTCCGGAATTATTGGGCGTAAAGAGCATGTAGGCGGGCTTTTAAGTCTGACGTGAAAATGCGGGGCTTAACCCCGTATGGCGTTGGATACTGGAAGTCTTGAGTGCAGGAGAGGAAAGGGGAATTCCCAGTGTAGCGGTGAAATGCGTAGATATTGGGAGGAACACCAGTGGCGAAGGCGCCTTTCTGGACTGTGTCTGACGCTGAGATGCGAAAGCCAGGGTAGCAAACGGG,Bacteria,Firmicutes,Negativicutes,Acidaminococcales,Acidaminococcaceae,Acidaminococcus,intestini,Bacteria*Firmicutes*Negativicutes*Acidaminococcales*Acidaminococcaceae*Acidaminococcus*intestini,1273.0980657272034,-0.010378874400789568,0.007688756437833182,-1.3498768604139197,0.18040375086721908,0.8826670779283483,0,91,False
TACGTAGGTGGCAAGCGTTGTCCGGAATTATTGGGCGTAAAGCGCGCGCAGGCGGATAGGTCAGTCTGTCTTAAAAGTTCGGGGCTTAACCCCGTGATGGGATGGAAACTGCCAATCTAGAGTATCGGAGAGGAAAGTGGAATTCCTAGTGTAGCGGTGAAATGCGTAGATATTAGGAAGAACACCAGTGGCGAAGGCGACTTTCTGGACGAAAACTGACGCTGAGGCGCGAAAGCCAGGGGAGCGAACGGG,Bacteria,Firmicutes,Negativicutes,Veillonellales-Selenomonadales,Veillonellaceae,Veillonella,,Bacteria*Firmicutes*Negativicutes*Veillonellales-Selenomonadales*Veillonellaceae*Veillonella*_,1256.6065055537913,0.0001691210058418488,0.0003244045640204734,0.5213274552794992,0.6034051197161784,0.9598764883716622,0,91,False
TACGTAGGTGGCAAGCGTTGTCCGGAATTATTGGGCGTAAAGCGCGCGCAGGCGGATCAGTCAGTCTGTCTTAAAAGTTCGGGGCTTAACCCCGTGATGGGATGGAAACTGCTGATCTAGAGTATCGGAGAGGAAAGTGGAATTCCTAGTGTAGCGGTGAAATGCGTAGATATTAGGAAGAACACCAGTGGCGAAGGCGACTTTCTGGACGAAAACTGACGCTGAGGCGCGAAAGCCAGGGGAGCGAACGGG,Bacteria,Firmicutes,Negativicutes,Veillonellales-Selenomonadales,Veillonellaceae,Veillonella,,Bacteria*Firmicutes*Negativicutes*Veillonellales-Selenomonadales*Veillonellaceae*Veillonella*_,1256.7315277350388,0.0006967368199845736,0.0010676318585623073,0.6526002520408226,0.5156592445275834,0.9539541331513363,0,91,False
TACGTAGGTGGCAAGCGTTGTCCGGAATTATTGGGCGTAAAGCGCGCGCAGGCGGATCAGTTAGTCTGTCTTAAAAGTTCGGGGCTTAACCCCGTGATGGGATGGAAACTGCTGATCTAGAGTATCGGAGAGGAAAGTGGAATTCCTAGTGTAGCGGTGAAATGCGTAGATATTAGGAAGAACACCAGTGGCGAAGGCGACTTTCTGGACGAAAACTGACGCTGAGGCGCGAAAGCCAGGGGAGCGAACGGG,Bacteria,Firmicutes,Negativicutes,Veillonellales-Selenomonadales,Veillonellaceae,Veillonella,,Bacteria*Firmicutes*Negativicutes*Veillonellales-Selenomonadales*Veillonellaceae*Veillonella*_,1256.4439262613473,0.0010152862761045964,0.0009221938305774872,1.1009467233898256,0.27382349252974575,0.8853818901235723,0,91,False
TACGTAGGTGGCAAGCGTTGTCCGGAATTATTGGGCGTAAAGCGCGCGCAGGCGGATTGGTCAGTCTGTCTTAAAAGTTCGGGGCTTAACCCCGTGATGGGATGGAAACTGCCAATCTAGAGTATCGGAGAGGAAAGTGGAATTCCTAGTGTAGCGGTGAAATGCGTAGATATTAGGAAGAACACCAGTGGCGAAGGCGACTTTCTGGACGAAAACTGACGCTGAGGCGCGAAAGCCAGGGGAGCGAACGGG,Bacteria,Firmicutes,Negativicutes,Veillonellales-Selenomonadales,Veillonellaceae,Veillonella,,Bacteria*Firmicutes*Negativicutes*Veillonellales-Selenomonadales*Veillonellaceae*Veillonella*_,1257.4998985641234,0.001204391957830271,0.0024028647406808996,0.5012316912557394,0.6174184330438471,0.9598764883716622,0,91,False
TACGTAGGTGGCAAGCGTTGTCCGGAATTATTGGGCGTAAAGCGCGCGCAGGCGGCCGTGCAAGTCCATCTTAAAAGCGTGGGGCTTAACCCCATGAGGGGATGGAAACTGCAGGGCTGGAGTGTCGGAGGGGAAAGTGGAATTCCTAGTGTAGCGGTGAAATGCGTAGAGATTAGGAAGAACACCGGTGGCGAAGGCGACTTTCTAGACGACAACTGACGCTGAGGCGCGAAAGCGTGGGGAGCAAACAGG,Bacteria,Firmicutes,Negativicutes,Veillonellales-Selenomonadales,Veillonellaceae,Allisonella,histaminiformans,Bacteria*Firmicutes*Negativicutes*Veillonellales-Selenomonadales*Veillonellaceae*Allisonella*histaminiformans,1256.8955337157788,-0.00010473320695020354,0.0002616312622179617,-0.40030845726284664,0.6898675468602912,0.9834018531545264,0,91,False
TACGTAGGTGGCAAGCGTTGTCCGGAATTATTGGGCGTAAAGCGCGCGCAGGCGGCCGTGCAAGTCCATCTTAAAAGCGTGGGGCTTAACCCCATGAGGGGATGGAAACTGCATGGCTGGAGTGTCGGAGGGGAAAGTGGAATTCCTAGTGTAGCGGTGAAATGCGTAGAGATTAGGAAGAACACCGGTGGCGAAGGCGACTTTCTAGACGACAACTGACGCTGAGGCGCGAAAGCGTGGGGAGCAAACAGG,Bacteria,Firmicutes,Negativicutes,Veillonellales-Selenomonadales,Veillonellaceae,Allisonella,,Bacteria*Firmicutes*Negativicutes*Veillonellales-Selenomonadales*Veillonellaceae*Allisonella*_,1256.6968179498915,-0.00032678657749373786,0.0002079423207832481,-1.5715251049562389,0.11953139221823877,0.8826670779283483,0,91,False
TACGTAGGTGGCAAGCGTTGTCCGGAATTATTGGGCGTAAAGCGCGCGCAGGCGGCTTCCCAAGTCCCTCTTAAAAGTGCGGGGCTTAACCCCGTGATGGGAAGGAAACTGGGAAGCTGGAGTATCGGAGAGGAAAGTGGAATTCCTAGTGTAGCGGTGAAATGCGTAGAGATTAGGAAGAACACCGGTGGCGAAGGCGACTTTCTGGACGAAAACTGACGCTGAGGCGCGAAAGCGTGGGGAGCAAACAGG,Bacteria,Firmicutes,Negativicutes,Veillonellales-Selenomonadales,Veillonellaceae,Dialister,invisus,Bacteria*Firmicutes*Negativicutes*Veillonellales-Selenomonadales*Veillonellaceae*Dialister*invisus,1286.0814092199291,-0.01721681274697131,0.01049434731200959,-1.6405796601822604,0.10433692179171691,0.8826670779283483,0,91,False
TACGTAGGTGGCAAGCGTTGTCCGGAATTATTGGGCGTAAAGCGCGCGCAGGCGGCTTCTTAAGTCCATCTTAAAAGTGCGGGGCTTAACCCCGTGATGGGATGGAAACTGAGAGGCTGGAGTATCGGAGAGGAAAGTGGAATTCCTAGTGTAGCGGTGAAATGCGTAGAGATTAGGAAGAACACCGGTGGCGAAGGCGACTTTCTGGACGACAACTGACGCTGAGGCGCGAAAGCGTGGGGAGCAAACAGG,Bacteria,Firmicutes,Negativicutes,Veillonellales-Selenomonadales,Veillonellaceae,Dialister,,Bacteria*Firmicutes*Negativicutes*Veillonellales-Selenomonadales*Veillonellaceae*Dialister*_,1261.5741509521222,-0.005952725643220711,0.0031072502847172877,-1.9157535112310138,0.058536069079321996,0.8826670779283483,0,91,False
TACGTAGGTGGCAAGCGTTGTCCGGAATTATTGGGCGTAAAGCGCGCGCAGGCGGCTTCTTAAGTCCATCTTAAAAGTGCGGGGCTTAACCCCGTGATGGGATGGAAACTGGGAGGCTGGAGTATCGGAGAGGAAAGTGGAATTCCTAGTGTAGCGGTGAAATGCGTAGAGATTAGGAAGAACACCGGTGGCGAAGGCGACTTTCTGGACGACAACTGACGCTGAGGCGCGAAAGCGTGGGGAGCAAACAGG,Bacteria,Firmicutes,Negativicutes,Veillonellales-Selenomonadales,Veillonellaceae,Dialister,,Bacteria*Firmicutes*Negativicutes*Veillonellales-Selenomonadales*Veillonellaceae*Dialister*_,1261.2198949318995,0.004477839640431356,0.005028855947192876,0.8904290931083244,0.37558363328016875,0.9406534746503771,0,91,False
TACGTAGGTGGCAAGCGTTGTCCGGAATTATTGGGCGTAAAGCGCGCGCAGGCGGCTTTCTAAGTCCATCTTAAAAGTGCGGGGCTTAACCCCGTGATGGGATGGAAACTGGGAAGCTGGAGTATCGGAGAGGAAAGTGGAATTCCTAGTGTAGCGGTGAAATGCGTAGAGATTAGGAAGAACACCGGTGGCGAAGGCGACTTTCTGGACGACAACTGACGCTGAGGCGCGAAAGCGTGGGGAGCAAACAGG,Bacteria,Firmicutes,Negativicutes,Veillonellales-Selenomonadales,Veillonellaceae,Dialister,succinatiphilus,Bacteria*Firmicutes*Negativicutes*Veillonellales-Selenomonadales*Veillonellaceae*Dialister*succinatiphilus,1256.3819917418045,0.0017892226067406521,0.0012546911049419569,1.4260263738965642,0.15728228403517258,0.8826670779283483,0,91,False
TACGTAGGTGGCAAGCGTTGTCCGGAATTATTGGGCGTAAAGCGCGCGCAGGTGGTTTAATAAGTCTGATGTGAAAGCCCACGGCTCAACCGTGGAGGGTCATTGGAAACTGTTAAACTTGAGTGCAGGAGAGAAAAGTGGAATTCCTAGTGTAGCGGTGAAATGCGTAGAGATTAGGAGGAACACCAGTGGCGAAGGCGGCTTTTTGGCCTGTAACTGACACTGAGGCGCGAAAGCGTGGGGAGCAAACAGG,Bacteria,Firmicutes,Bacilli,Staphylococcales,Gemellaceae,Gemella,,Bacteria*Firmicutes*Bacilli*Staphylococcales*Gemellaceae*Gemella*_,1256.4042242410255,4.3227362502825e-05,5.9222767474621706e-05,0.7299112207370062,0.4673192604301526,0.9539541331513363,0,91,False
TACGTAGGTGGCAAGCGTTGTCCGGAATTATTGGGCGTAAAGGGCGCGCAGGCGGCGTCGTAAGTCGGTCTTAAAAGTGCGGGGCTTAACCCCGTGAGGGGACCGAAACTGCGATGCTAGAGTATCGGAGAGGAAAGCGGAATTCCTAGTGTAGCGGTGAAATGCGTAGATATTAGGAGGAACACCAGTGGCGAAAGCGGCTTTCTGGACGACAACTGACGCTGAGGCGCGAAAGCCAGGGGAGCAAACGGG,Bacteria,Firmicutes,Negativicutes,Veillonellales-Selenomonadales,Veillonellaceae,Megasphaera,,Bacteria*Firmicutes*Negativicutes*Veillonellales-Selenomonadales*Veillonellaceae*Megasphaera*_,1261.3883930783081,-0.004685651378103413,0.0042949870760724184,-1.0909582019949267,0.2781714907387606,0.8853818901235723,0,91,False
TACGTAGGTGGCAAGCGTTGTCCGGAATTATTGGGCGTAAAGGGCGCGCAGGCGGCTTCTTAAGTCTGTCTTAAAAGTGCGGGGCTTAACCCCGTGATGGGATGGAAACTGGGAAGCTCAGAGTATCGGAGAGGAAAGCGGAATTCCTAGTGTAGCGGTGAAATGCGTAGATATTAGGAGGAACACCAGTGGCGAAAGCGGCTTTCTGGACGAAAACTGACGCTGAGGCGCGAAAGCCAGGGGAGCGAACGGG,Bacteria,Firmicutes,Negativicutes,Veillonellales-Selenomonadales,Veillonellaceae,Veillonella,,Bacteria*Firmicutes*Negativicutes*Veillonellales-Selenomonadales*Veillonellaceae*Veillonella*_,1256.3900666171269,1.3584113003352807e-05,5.9169227156577106e-05,0.22958070700172784,0.8189328383135919,0.9930777837826986,0,91,False
TACGTAGGTGGCAAGCGTTGTCCGGAATTATTGGGCGTAAAGGGCGCGCAGGCGGTTTCTTAAGTCTGTCTTAAAAGTGCGGGGCTTAACCCCGTGAGGGGACGGAAACTGGGAGACTTGAGTATCGGAGAGGAAAGCAGAATTCCTAGTGTAGCGGTGAAATGCGTAGATATTAGGAGGAATACCAGTGGCGAAAGCGGCTTTCTGGACGACAACTGACGCTGAGGCGCGAAAGCCAGGGGAGCGAACGGG,Bacteria,Firmicutes,Negativicutes,Veillonellales-Selenomonadales,Veillonellaceae,Megasphaera,,Bacteria*Firmicutes*Negativicutes*Veillonellales-Selenomonadales*Veillonellaceae*Megasphaera*_,1256.3819917418045,-2.8897154008775816e-06,4.549242526204104e-05,-0.06352080339160913,0.9494911162568171,0.9930777837826986,0,91,False
TACGTAGGTGGCAAGCGTTGTCCGGAATTATTGGGCGTAAAGGGTGCGCAGGCGGTCTCTTAAGTCTGTCTTAAAAGTGCGGGGCTCAACCCCGTGAGGGGACGGAAACTGGGAGACTGGAGTATCGGAGAGGAAAGCAGAATTCCTAGTGTAGCGGTGAAATGCGTAGATATTAGGAGGAATACCAGTGGCGAAAGCGGCTTTCTGGACGACAACTGACGCTGAGGCACGAAAGCCAGGGGAGCGAACGGG,Bacteria,Firmicutes,Negativicutes,Veillonellales-Selenomonadales,Veillonellaceae,Megasphaera,hexanoica,Bacteria*Firmicutes*Negativicutes*Veillonellales-Selenomonadales*Veillonellaceae*Megasphaera*hexanoica,1256.3819917418045,0.00047081537745157436,0.0006656362286060712,0.7073163346855729,0.48117739809060733,0.9539541331513363,0,91,False
TACGTAGGTGGCAAGCGTTGTCCGGATTTACTGGGCGTAAAGGGAGCGTAGGCGGACTTTTAAGTGAGATGTGAAATACCCGGGCTCAACTTGGGTGCTGCATTTCAAACTGGAAGTCTAGAGTGCAGGAGAGGAGAATGGAATTCCTAGTGTAGCGGTGAAATGCGTAGAGATTAGGAAGAACACCAGTGGCGAAGGCGATTCTCTGGACTGTAACTGACGCTGAGGCTCGAAAGCGTGGGGAGCAAACAGG,Bacteria,Firmicutes,Clostridia,Clostridiales,Clostridiaceae,Clostridium_sensu_stricto_1,,Bacteria*Firmicutes*Clostridia*Clostridiales*Clostridiaceae*Clostridium_sensu_stricto_1*_,1258.80278670356,0.00029244089963227746,0.0023293010879786268,0.12554877561408706,0.9003660679793059,0.9930777837826986,0,91,False
TACGTAGGTGGCAAGCGTTGTCCGGATTTACTGGGCGTAAAGGGAGCGTAGGCGGATTTTTAAGTGAGATGTGAAATACCCGGGCTTAACTTGGGTGCTGCATTTCAAACTGGAAGTCTAGAGTGCAGGAGAGGAGAAGGGAATTCCTAGTGTAGCGGTGAAATGCGTAGAGATTAGGAAGAACACCAGTGGCGAAGGCGCTTCTCTGGACTGTAACTGACGCTGAGGCTCGAAAGCGTGGGGAGCAAACAGG,Bacteria,Firmicutes,Clostridia,Clostridiales,Clostridiaceae,Clostridium_sensu_stricto_1,disporicum,Bacteria*Firmicutes*Clostridia*Clostridiales*Clostridiaceae*Clostridium_sensu_stricto_1*disporicum,1256.3819917418045,0.0001665367023859535,0.00013568916760707726,1.2273397008978872,0.22286056312441427,0.8853818901235723,0,91,False
TACGTAGGTGGCAAGCGTTGTCCGGATTTACTGGGCGTAAAGGGAGCGTAGGCGGATTTTTAAGTGGGATGTGAAATACCCGGGCTCAACCTGGGTGCTGCATTCCAAACTGGAAATCTAGAGTGCAGGAGGGGAAAGTGGAATTCCTAGTGTAGCGGTGAAATGCGTAGAGATTAGGAAGAACACCAGTGGCGAAGGCGACTTTCTGGACTGTAACTGACGCTGAGGCTCGAAAGCGTGGGGAGCAAACAGG,Bacteria,Firmicutes,Clostridia,Clostridiales,Clostridiaceae,Clostridium_sensu_stricto_1,paraputrificum,Bacteria*Firmicutes*Clostridia*Clostridiales*Clostridiaceae*Clostridium_sensu_stricto_1*paraputrificum,1256.4325373836464,-3.2809992748725095e-05,7.065028792085978e-05,-0.46439998638756874,0.6434703521297702,0.9685280873155366,0,91,False
TACGTAGGTGGCAAGCGTTGTCCGGATTTACTGGGCGTAAAGGGAGCGTAGGCGGATTTTTAAGTGGGATGTGAAATACCCGGGCTCAACCTGGGTGCTGCATTCCAAACTGGAAGTCTAGAGTACAGGAGGGGAAAGCGGAATTCCTAGTGTAGCGGTGAAATGCGTAGAGATTAGGAAGAACACCAGTGGCGAAGGCGGCTTTCTGGACTGTAACTGACGCTGAGGCTCGAAAGCGTGGGGAGCAAACAGG,Bacteria,Firmicutes,Clostridia,Clostridiales,Clostridiaceae,Clostridium_sensu_stricto_1,,Bacteria*Firmicutes*Clostridia*Clostridiales*Clostridiaceae*Clostridium_sensu_stricto_1*_,1256.3819917418045,0.00015071832083040325,0.00013010189201946,1.158463712486668,0.24970603905186584,0.8853818901235723,0,91,False
TACGTAGGTGGCAAGCGTTGTCCGGATTTACTGGGTGTAAAGGGAGCGCAGGTGGAAACGCAAGTAGGATGTCTAATCTACGGGCTCAACCCGTAACCGCATTCTAAACTGTGTTTCTTGAGTGGAGTAGAGGCAGGCGGAATTCCCGGTGTAGCGGTGGAATGCGTAGATATCGGGAGGAACACCAGTGGCGAAGGCGGCCTGCTGGGCTCTAACTGACACTGAGGCTCGAAAGCGTGGGTAGCAAACAGG,Bacteria,Firmicutes,Clostridia,Oscillospirales,Ruminococcaceae,,,Bacteria*Firmicutes*Clostridia*Oscillospirales*Ruminococcaceae*_*_,1256.3819917418045,-2.8897154008775816e-06,4.549242526204104e-05,-0.06352080339160913,0.9494911162568171,0.9930777837826986,0,91,False
TACGTAGGTGGCAAGCGTTGTCCGGATTTACTGGGTGTAAAGGGAGCGTAGGCGGGAATGCAAGTCGGATGTGAAACCTATGGGCTTAACCCATAGCCTGCATTCGAAACTGTATTTCTTGAGTGAAGTAGAGGTTGGCGGAATTCCCGGTGTAGCGGTGAAATGCGTAGATATCGGGAGGAACACCAGTGGCGAAGGCGGCCAACTGGGCTTTTACTGACGCTGAGGCTCGAAAGCATGGGGAGCAAACAGG,Bacteria,Firmicutes,Clostridia,Oscillospirales,Ruminococcaceae,,,Bacteria*Firmicutes*Clostridia*Oscillospirales*Ruminococcaceae*_*_,1256.3819917418045,-2.8897154008775816e-06,4.549242526204104e-05,-0.06352080339160913,0.9494911162568171,0.9930777837826986,0,91,False
TACGTAGGTGGCAAGCGTTGTCCGGATTTACTGGGTGTAAAGGGCGCGTAGGCGGAGAGACAAGTCAGATGTGAAATCTATGGGCTTAACCCATAAACTGCATTTGAAACTATCTCCCTTGAGTGATGGAGAGGCAAGCGGAATTCCTAGTGTAGCGGTGAAATGCGTAGATATTAGGAGGAACACCAGTGGCGAAGGCGGCTTGCTGGACATTAACTGACGCTGAGGCGCGAAAGCGTGGGGAGCAAACAGG,Bacteria,Firmicutes,Clostridia,Oscillospirales,Oscillospiraceae,NK4A214_group,,Bacteria*Firmicutes*Clostridia*Oscillospirales*Oscillospiraceae*NK4A214_group*_,1256.735367530592,0.00036704882752872743,0.0005748157486369388,0.6385504022795316,0.5247193041401392,0.9539541331513363,0,91,False
TACGTAGGTGGCAAGCGTTGTCCGGATTTACTGGGTGTAAAGGGCGCGTAGGCGGGATGGCAAGTCAGATGTGAAATCCATGGGCTCAACCCATGAACTGCATTTGAAACTGTCGTTCTTGAGTATCGGAGAGGCAAGCGGAATTCCTAGTGTAGCGGTGAAATGCGTAGATATTAGGAGGAACACCAGTGGCGAAGGCGGCTTGCTGGACGACAACTGACGCTGAGGCGCGAAAGCGTGGGGAGCAAACAGG,Bacteria,Firmicutes,Clostridia,Oscillospirales,Oscillospiraceae,NK4A214_group,,Bacteria*Firmicutes*Clostridia*Oscillospirales*Oscillospiraceae*NK4A214_group*_,1258.2636792869437,-0.0008766236022156664,0.0007529098136362218,-1.1643142197628713,0.24734011005393083,0.8853818901235723,0,91,False
TACGTAGGTGGCAAGCGTTGTCCGGATTTACTGGGTGTAAAGGGCGCGTAGGCGGGGAGACAAGTCAGATGTGAAATCTATGGGCTTAACCCATAAACTGCATTTGAAACTATTTCTCTTGAGTGATGGAGAGGCAAGCGGAATTCCTAGTGTAGCGGTGAAATGCGTAGATATTAGGAGGAACACCAGTGGCGAAGGCGGCTTGCTGGACATTAACTGACGCTGAGGCGCGAAAGCGTGGGGAGCAAACAGG,Bacteria,Firmicutes,Clostridia,Oscillospirales,Oscillospiraceae,NK4A214_group,,Bacteria*Firmicutes*Clostridia*Oscillospirales*Oscillospiraceae*NK4A214_group*_,1256.9303376896128,0.0005205323345217931,0.001057671025793738,0.49214956430441614,0.6237988261961935,0.9598764883716622,0,91,False
TACGTAGGTGGCAAGCGTTGTCCGGATTTACTGGGTGTAAAGGGCGCGTAGGCGGGGATGCAAGTCAGATGTGAAATCTATGGGCTCAACCCATAAACTGCATTTGAAACTGTATCTCTTGAGTGTCGGAGAGGCAAGCGGAATTCCTAGTGTAGCGGTGAAATGCGTAGATATTAGGAGGAACACCAGTGGCGAAGGCGGCTTGCTGGACGATAACTGACGCTGAGGCGCGAAAGCGTGGGGAGCAAACAGG,Bacteria,Firmicutes,Clostridia,Oscillospirales,Oscillospiraceae,NK4A214_group,,Bacteria*Firmicutes*Clostridia*Oscillospirales*Oscillospiraceae*NK4A214_group*_,1256.3819917418045,-2.8897154008775816e-06,4.549242526204104e-05,-0.06352080339160913,0.9494911162568171,0.9930777837826986,0,91,False
TACGTAGGTGGCAAGCGTTGTCCGGATTTACTGGGTGTAAAGGGCGCGTAGGCGGGTCTGCAAGTCAGATGTGAAATACCGAGGCTTAACTTCGGAACTGCATCTGAAACTGTGGATCTTGAGTACTGGAGAGGAAAGTGGAATTCCTAGTGTAGCGGTGAAATGCGTAGATATTAGGAGGAACACCGGTGGCGAAGGCGGCTTTCTGGACAGTAACTGACGCTGAGGCGCGAAAGCGTGGGGAGCAAACAGG,Bacteria,Firmicutes,Clostridia,Clostridia_or,Hungateiclostridiaceae,,,Bacteria*Firmicutes*Clostridia*Clostridia_or*Hungateiclostridiaceae*_*_,1256.3819917418045,3.7726207122920483e-06,4.558251310200295e-05,0.08276464932615299,0.9342204612904144,0.9930777837826986,0,91,False
TACGTAGGTGGCAAGCGTTGTCCGGATTTACTGGGTGTAAAGGGCGTGCAGCCGGGAATGCAAGTCAGATGTGAAATCCATGGGCTTAACCCATGAACTGCATTTGAAACTGTATTTCTTGAGTACTGGAGAGGCAATCGGAATTCCTAGTGTAGCGGTGAAATGCGTAGATATTAGGAGGAACACCAGTGGCGAAGGCGGATTGCTGGACAGCAACTGACGGTGAGGCGCGAAAGTGTGGGGAGCAAACAGG,Bacteria,Firmicutes,Clostridia,Oscillospirales,Oscillospiraceae,UCG-002,,Bacteria*Firmicutes*Clostridia*Oscillospirales*Oscillospiraceae*UCG-002*_,1265.065858132849,-0.00498719344605932,0.002540924230299357,-1.9627478012092308,0.052729715022113606,0.8826670779283483,0,91,False
TACGTAGGTGGCAAGCGTTGTCCGGATTTACTGGGTGTAAAGGGCGTGCAGCCGGGAATGCAAGTCAGATGTGAAATCTGGAGGCTCAACCTCCAAACTGCATTTGAAACTGTGTTTCTTGAGTATCGGAGAGGTCATCGGAATTCCTTGTGTAGCGGTGAAATGCGTAGATATAAGGAAGAACACCAGTGGCGAAGGCGGATGACTGGACGACAACTGACGGTGAGGCGCGAAAGCGTGGGGAGCAAACAGG,Bacteria,Firmicutes,Clostridia,Oscillospirales,Oscillospiraceae,Oscillospira,,Bacteria*Firmicutes*Clostridia*Oscillospirales*Oscillospiraceae*Oscillospira*_,1256.3819917418045,8.792316566047742e-05,9.938785229469335e-05,0.8846470029332945,0.3786785157123669,0.9406996616723681,0,91,False
TACGTAGGTGGCAAGCGTTGTCCGGATTTACTGGGTGTAAAGGGCGTGCAGCCGGGCATGCAAGTCAGATGTGAAATCTCAGGGCTTAACCCTGAAACTGCATTTGAAACTGTATGTCTTGAGTGCCGGAGAGGTAATCGGAATTCCTTGTGTAGCGGTGAAATGCGTAGATATAAGGAAGAACACCAGTGGCGAAGGCGGATTACTGGACGGTAACTGACGGTGAGGCGCGAAAGCGTGGGGAGCAAACAGG,Bacteria,Firmicutes,Clostridia,Oscillospirales,Oscillospiraceae,UCG-003,,Bacteria*Firmicutes*Clostridia*Oscillospirales*Oscillospiraceae*UCG-003*_,1256.5470845543862,3.414979626374296e-05,0.0002924256253165949,0.11678113443981061,0.9072908427474449,0.9930777837826986,0,91,False
TACGTAGGTGGCAAGCGTTGTCCGGATTTACTGGGTGTAAAGGGCGTGCAGCCGGGCATGCAAGTCAGATGTGAAATCTCAGGGCTTAACCCTGAAACTGCATTTGAAACTGTATGTCTTGAGTGCCGGAGAGGTAATCGGAATTCCTTGTGTAGCGGTGAAATGCGTAGATATAAGGAAGAACACCAGTGGCGAAGGCGGATTACTGGACGGTAACTGACGGTGAGGCGCGAAAGCGTGGGGAGCGAACAGG,Bacteria,Firmicutes,Clostridia,Oscillospirales,Oscillospiraceae,UCG-003,,Bacteria*Firmicutes*Clostridia*Oscillospirales*Oscillospiraceae*UCG-003*_,1261.2231469918286,-0.0015249654329660754,0.0014449631951042809,-1.0553662807003337,0.29405173670422186,0.897683688214678,0,91,False
TACGTAGGTGGCAAGCGTTGTCCGGATTTACTGGGTGTAAAGGGCGTGCAGCCGGGCCGACAAGTCAGATGTGAAATCCCGAGGCTTAACCTCGGAACTGCATTTGAAACTGTTGGTCTTGAGTATCGGAGAGGTCATCGGAATTCCTTGTGTAGCGGTGAAATGCGTAGATATAAGGAAGAACACCAGTGGCGAAGGCGGATGACTGGACGACAACTGACGGTGAGGCGCGAAAGCGTGGGGAGCGAACAGG,Bacteria,Firmicutes,Clostridia,Oscillospirales,Oscillospiraceae,Oscillibacter,,Bacteria*Firmicutes*Clostridia*Oscillospirales*Oscillospiraceae*Oscillibacter*_,1256.5588023872176,-0.0001440607139683195,0.00010362180027682409,-1.3902548844303366,0.16784261754111948,0.8826670779283483,0,91,False
TACGTAGGTGGCAAGCGTTGTCCGGATTTACTGGGTGTAAAGGGCGTGCAGCCGGGCCGGCAAGTCAGATGTGAAATCCACGAGCTTAACTCGTGAACTGCATTTGAAACTGTTGGTCTTGAGTATCGGAGAGGTAATCGGAATTCCTTGTGTAGCGGTGAAATGCGTAGATATAAGGAAGAACACCAGTGGCGAAGGCGGATTACTGGACGACAACTGACGGTGAGGCGCGAAAGCGTGGGGAGCAAACAGG,Bacteria,Firmicutes,Clostridia,Oscillospirales,Oscillospiraceae,Oscillibacter,,Bacteria*Firmicutes*Clostridia*Oscillospirales*Oscillospiraceae*Oscillibacter*_,1256.9940360375456,-0.0001457596152032176,0.0003011811198769357,-0.48396000141966333,0.6295768957951383,0.9627557868334752,0,91,False
TACGTAGGTGGCAAGCGTTGTCCGGATTTACTGGGTGTAAAGGGCGTGCAGCCGGGCCGGCAAGTCAGATGTGAAATCTGGAGGCTTAACCTCCAAACTGCATTTGAAACTGTAGGTCTTGAGTACCGGAGAGGTTATCGGAATTCCTTGTGTAGCGGTGAAATGCGTAGATATAAGGAAGAACACCAGTGGCGAAGGCGGATAACTGGACGGCAACTGACGGTGAGGCGCGAAAGCGTGGGGAGCAAACAGG,Bacteria,Firmicutes,Clostridia,Oscillospirales,Oscillospiraceae,Oscillibacter,,Bacteria*Firmicutes*Clostridia*Oscillospirales*Oscillospiraceae*Oscillibacter*_,1260.8657160822831,0.001267178462623384,0.001842950616376149,0.687581344482836,0.49346525094269444,0.9539541331513363,0,91,False
TACGTAGGTGGCAAGCGTTGTCCGGATTTACTGGGTGTAAAGGGCGTGCAGCCGGGCTGACAAGTCAGATGTGAAATCCCGAGGCTTAACCTCGGAACTGCATTTGAAACTGTTGGTCTTGAGTATCGGAGAGGTCATCGGAATTCCTTGTGTAGCGGTGAAATGCGTAGATATAAGGAAGAACACCAGTGGCGAAGGCGGATGACTGGACGACAACTGACGGTGAGGCGCGAAAGCGTGGGGAGCGAACAGG,Bacteria,Firmicutes,Clostridia,Oscillospirales,Oscillospiraceae,Oscillibacter,,Bacteria*Firmicutes*Clostridia*Oscillospirales*Oscillospiraceae*Oscillibacter*_,1256.5110703561318,-0.00012189565277466644,9.606954818931206e-05,-1.2688271681517869,0.20773868212000685,0.8826670779283483,0,91,False
TACGTAGGTGGCAAGCGTTGTCCGGATTTACTGGGTGTAAAGGGCGTGCAGCCGGGCTGGCAAGTCAGGCGTGAAATCCCAGGGCTCAACCCTGGAACTGCGTTTGAAACTGCTGGTCTTGAGTACCGGAGAGGTCATCGGAATTCCTTGTGTAGCGGTGAAATGCGTAGATATAAGGAAGAACACCAGTGGCGAAGGCGGATGACTGGACGGCAACTGACGGTGAGGCGCGAAAGCGTGGGGAGCAAACAGG,Bacteria,Firmicutes,Clostridia,Oscillospirales,Oscillospiraceae,Oscillibacter,,Bacteria*Firmicutes*Clostridia*Oscillospirales*Oscillospiraceae*Oscillibacter*_,1257.0769792637354,2.4663187781745547e-05,0.0002237951702591311,0.11020428972255385,0.9124900395196909,0.9930777837826986,0,91,False
TACGTAGGTGGCAAGCGTTGTCCGGATTTACTGGGTGTAAAGGGCGTGCAGCCGGGCTGGTAAGTCAGATGTGAAATCCGTGGGCTTAACCCACGAACTGCATTTGAAACTGCTGGTCTTGAGTACCGGAGAGGTTATCGGAATTCCTTGTGTAGCGGTGAAATGCGTAGATATAAGGAAGAACACCAGTGGCGAAGGCGGATAACTGGACGGCAACTGACGGTGAGGCGCGAAAGCGTGGGGAGCAAACAGG,Bacteria,Firmicutes,Clostridia,Oscillospirales,Oscillospiraceae,Oscillibacter,,Bacteria*Firmicutes*Clostridia*Oscillospirales*Oscillospiraceae*Oscillibacter*_,1256.5739425322213,-0.00010260576284446382,0.0001513692497768225,-0.6778507721729801,0.49958622865097657,0.9539541331513363,0,91,False
TACGTAGGTGGCAAGCGTTGTCCGGATTTACTGGGTGTAAAGGGCGTGCAGCCGGGCTGGTAAGTCAGATGTGAAATCTATGGGCTCAACCCATAAATTGCATTTGAAACTGCTGGTCTTGAGTACTGGAGAGGCAGACGGAATTCCTAGTGTAGCGGTGAAATGCGTAGATATTAGGAGGAACACCAGTGGCGAAGGCGGTCTGCTGGACAGCAACTGACGGTGAGGCGCGAAAGCGTGGGGAGCAAACAGG,Bacteria,Firmicutes,Clostridia,Oscillospirales,Oscillospiraceae,UCG-002,,Bacteria*Firmicutes*Clostridia*Oscillospirales*Oscillospiraceae*UCG-002*_,1256.3819917418045,5.702221650751187e-06,4.6235049756992235e-05,0.12333114554264811,0.9021168687496155,0.9930777837826986,0,91,False
TACGTAGGTGGCAAGCGTTGTCCGGATTTACTGGGTGTAAAGGGCGTGCAGCCGGGCTGGTAAGTCAGATGTGAAATCTGGAGGCTCAACCTCCAAACTGCATTTGAAACTGCTGGTCTTGAGTACCGGAGAGGTTATCGGAATTCCTTGTGTAGCGGTGAAATGCGTAGATATAAGGAAGAACACCAGTGGCGAAGGCGGATAACTGGACGGCAACTGACGGTGAGGCGCGAAAGCGTGGGGAGCAAACAGG,Bacteria,Firmicutes,Clostridia,Oscillospirales,Oscillospiraceae,Oscillibacter,,Bacteria*Firmicutes*Clostridia*Oscillospirales*Oscillospiraceae*Oscillibacter*_,1256.6961932389972,-0.0001472196815534339,0.0002674692301657868,-0.5504172628088172,0.5833818429110547,0.9539541331513363,0,91,False
TACGTAGGTGGCAAGCGTTGTCCGGATTTACTGGGTGTAAAGGGCGTGCAGCCGGGTCTGCAAGTCAGATGTGAAATCCATGGGCTCAACCCATGAACTGCATTTGAAACTGTAGATCTTGAGTGTCGGAGGGGCAATCGGAATTCCTAGTGTAGCGGTGAAATGCGTAGATATTAGGAGGAACACCAGTGGCGAAGGCGGATTGCTGGACGATAACTGACGGTGAGGCGCGAAAGTGTGGGGAGCAAACAGG,Bacteria,Firmicutes,Clostridia,Oscillospirales,Oscillospiraceae,UCG-002,,Bacteria*Firmicutes*Clostridia*Oscillospirales*Oscillospiraceae*UCG-002*_,1271.7012869766168,-0.005692692077972094,0.0037673141431896233,-1.5110744317043696,0.13423436233235725,0.8826670779283483,0,91,False
TACGTAGGTGGCAAGCGTTGTCCGGATTTACTGGGTGTAAAGGGCGTGCAGCCGGGTCTGCAAGTCAGATGTGAAATCCATGGGCTCAACCCATGAACTGCATTTGAAACTGTGGATCTTGAGTGTCGGAGGGGCAATCGGAATTCCTAGTGTAGCGGTGAAATGCGTAGATATTAGGAGGAACACCAGTGGCGAAGGCGGATTGCTGGACGATAACTGACGGTGAGGCGCGAAAGTGTGGGGAGCAAACAGG,Bacteria,Firmicutes,Clostridia,Oscillospirales,Oscillospiraceae,UCG-002,,Bacteria*Firmicutes*Clostridia*Oscillospirales*Oscillospiraceae*UCG-002*_,1260.7342256652382,-0.003608389711001278,0.003152941309598764,-1.1444519122560113,0.25543759602122296,0.8853818901235723,0,91,False
TACGTAGGTGGCAAGCGTTGTCCGGATTTACTGGGTGTAAAGGGCGTGCAGCCGGGTGCGCAAGTCAGATGTGAAATCTCAGGGCTCAACCCTGAAACTGCATTTGAAACTGTGCATCTTGAGTGCCGGAGAGGTAATCGGAATTCCTTGTGTAGCGGTGAAATGCGTAGATATAAGGAAGAACACCAGTGGCGAAGGCGGATTACTGGACGGTAACTGACGGTGAGGCGCGAAAGCGTGGGGAGCAAACAGG,Bacteria,Firmicutes,Clostridia,Oscillospirales,Oscillospiraceae,UCG-003,,Bacteria*Firmicutes*Clostridia*Oscillospirales*Oscillospiraceae*UCG-003*_,1257.981807042296,-0.0005586635758859194,0.0005337551365472195,-1.0466664161769548,0.2980256213114341,0.897683688214678,0,91,False
TACGTAGGTGGCAAGCGTTGTCCGGATTTACTGGGTGTAAAGGGCGTGTAGACGGGTTTGCAAGTCAGATGTGAAATACCGCAGCTTAACTGCGGGGCTGCATTTGAAACTGCAAATCTTGAGTGCGGGAGAGGAAAGCGGAATTCCTAGTGTAGCGGTGAAATGCGTAGATATTAGGAGGAACACCAGTGGCGAAGGCGGCTTTCTGGACCGTAACTGACGTTGAGGCGCGAAAGCGTGGGTAGCAAACAGG,Bacteria,Firmicutes,Clostridia,Monoglobales,Monoglobaceae,Monoglobus,,Bacteria*Firmicutes*Clostridia*Monoglobales*Monoglobaceae*Monoglobus*_,1256.3819917418045,9.769242942403574e-05,0.0001447096600267593,0.6750926607523695,0.5013286326837335,0.9539541331513363,0,91,False
TACGTAGGTGGCAAGCGTTGTCCGGATTTACTGGGTGTAAAGGGCGTGTAGCCGGAGAGACAAGTCAGATGTGAAATCCGCGGGCTCAACTCGCGAACTGCATTTGAAACTGTTTCCCTTGAGTATCGGAGAGGTAACCGGAATTCCTAGTGTAGCGGTGAAATGCGTAGATATTAGGAAGAACACCAGTGGCGAAGGCGGGTTACTGGACGACAACTGACGGTGAGGCGCGAAAGCGTGGGGAGCAAACAGG,Bacteria,Firmicutes,Clostridia,Oscillospirales,Oscillospiraceae,,,Bacteria*Firmicutes*Clostridia*Oscillospirales*Oscillospiraceae*_*_,1256.4803532144367,9.047784904272737e-05,0.00014250131688876773,0.6349264064229784,0.5270696159537352,0.9539541331513363,0,91,False
TACGTAGGTGGCAAGCGTTGTCCGGATTTACTGGGTGTAAAGGGCGTGTAGCCGGGAAGGCAAGTCAGATGTGAAATCCACGGGCTCAACTCGTGAACTGCATTTGAAACTGTTTTTCTTGAGTATCGGAGAGGCAATCGGAATTCCTAGTGTAGCGGTGAAATGCGTAGATATTAGGAGGAACACCAGTGGCGAAGGCGGATTGCTGGACGACAACTGACGGTGAGGCGCGAAAGCGTGGGGAGCAAACAGG,Bacteria,Firmicutes,Clostridia,Oscillospirales,Oscillospiraceae,UCG-002,,Bacteria*Firmicutes*Clostridia*Oscillospirales*Oscillospiraceae*UCG-002*_,1260.2106424814092,-8.057563435520116e-05,0.001631298284254177,-0.04939356286519973,0.9607139088652643,0.9945330425541328,0,91,False
TACGTAGGTGGCAAGCGTTGTCCGGATTTACTGGGTGTAAAGGGCGTGTAGCCGGGAAGGCAAGTCAGATGTGAAATCCACGGGCTTAACTCGTGAACTGCATTTGAAACTACTTTTCTTGAGTATCGGAGAGGCAATCGGAATTCCTAGTGTAGCGGTGAAATGCGTAGATATTAGGAGGAACACCAGTGGCGAAGGCGGATTGCTGGACGACAACTGACGGTGAGGCGCGAAAGCGTGGGGAGCAAACAGG,Bacteria,Firmicutes,Clostridia,Oscillospirales,Oscillospiraceae,UCG-002,,Bacteria*Firmicutes*Clostridia*Oscillospirales*Oscillospiraceae*UCG-002*_,1266.0280577474412,-0.00741522191091989,0.0031646047875350356,-2.3431747117768005,0.021299231140578915,0.75962931211253,0,91,False
TACGTAGGTGGCAAGCGTTGTCCGGATTTACTGGGTGTAAAGGGCGTGTAGCCGGGAAGGCAAGTCAGATGTGAAATCCACGGGCTTAACTCGTGAACTGCATTTGAAACTGTTTTTCTTGAGTATCGGAGAGGCAATCGGAATTCCTAGTGTAGCGGTGAAATGCGTAGATATTAGGAGGAACACCAGTGGCGAAGGCGGATTGCTGGACGACAACTGACGGTGAGGCGCGAAAGCGTGGGGAGCAAACAGG,Bacteria,Firmicutes,Clostridia,Oscillospirales,Oscillospiraceae,UCG-002,,Bacteria*Firmicutes*Clostridia*Oscillospirales*Oscillospiraceae*UCG-002*_,1257.7717064207482,-0.0002250336007252849,0.0008992336858873386,-0.25025041238666235,0.802957808723069,0.9930777837826986,0,91,False
TACGTAGGTGGCAAGCGTTGTCCGGATTTACTGGGTGTAAAGGGCGTGTAGCCGGGAGGGCAAGTCAGATGTGAAATCCACGGGCTCAACTCGTGAACTGCATTTGAAACTACTCTTCTTGAGTATCGGAGAGGCAATCGGAATTCCTAGTGTAGCGGTGAAATGCGTAGATATTAGGAGGAACACCAGTGGCGAAGGCGGATTGCTGGACGACAACTGACGGTGAGGCGCGAAAGCGTGGGGAGCAAACAGG,Bacteria,Firmicutes,Clostridia,Oscillospirales,Oscillospiraceae,UCG-002,,Bacteria*Firmicutes*Clostridia*Oscillospirales*Oscillospiraceae*UCG-002*_,1296.5646981075954,-0.03227023293319797,0.01281610519011586,-2.5179438257174795,0.013552348216383469,0.75962931211253,0,91,False
TACGTAGGTGGCAAGCGTTGTCCGGATTTACTGGGTGTAAAGGGCGTGTAGCCGGGAGGGCAAGTCAGATGTGAAATCCACGGGCTTAACTCGTGAACTGCATTTGAAACTACTCTTCTTGAGTATCGGAGAGGCAATCGGAATTCCTAGTGTAGCGGTGAAATGCGTAGATATTAGGAGGAACACCAGTGGCGAAGGCGGATTGCTGGACGACAACTGACGGTGAGGCGCGAAAGCGTGGGGAGCAAACAGG,Bacteria,Firmicutes,Clostridia,Oscillospirales,Oscillospiraceae,UCG-002,,Bacteria*Firmicutes*Clostridia*Oscillospirales*Oscillospiraceae*UCG-002*_,1256.5845723693676,0.0004220618485164435,0.0004053254726119768,1.0412912018497507,0.3004990340080738,0.897683688214678,0,91,False
TACGTAGGTGGCAAGCGTTGTCCGGATTTACTGGGTGTAAAGGGCGTGTAGCCGGGAGGGCAAGTCAGATGTGAAATCCACGGGCTTAACTCGTGAACTGCATTTGAAACTGTTCTTCTTGAGTATCGGAGAGGCAATCGGAATTCCTAGTGTAGCGGTGAAATGCGTAGATATTAGGAGGAACACCAGTGGCGAAGGCGGATTGCTGGACGACAACTGACGGTGAGGCGCGAAAGCGTGGGGAGCAAACAGG,Bacteria,Firmicutes,Clostridia,Oscillospirales,Oscillospiraceae,UCG-002,,Bacteria*Firmicutes*Clostridia*Oscillospirales*Oscillospiraceae*UCG-002*_,1259.4834352398552,-0.0018219011710330646,0.002362539174713702,-0.771162311521817,0.44260849842509364,0.9539541331513363,0,91,False
TACGTAGGTGGCAAGCGTTGTCCGGATTTACTGGGTGTAAAGGGCGTGTAGCCGGGCTGATAAGTCAGATGTGAAATCTGGAGGCTCAACCTCCAAACTGCATTTGAAACTGTCGGTCTTGAGTATCGGAGAGGTAACCGGAATTCCTAGTGTAGCGGTGAAATGCGTAGATATTAGGAAGAACACCAGTGGCGAAGGCGGGTTACTGGACGACAACTGACGGTGAGGCGCGAAAGCGTGGGGAGCAAACAGG,Bacteria,Firmicutes,Clostridia,Oscillospirales,Oscillospiraceae,Oscillibacter,,Bacteria*Firmicutes*Clostridia*Oscillospirales*Oscillospiraceae*Oscillibacter*_,1256.3819917418045,-2.8897154008775816e-06,4.549242526204104e-05,-0.06352080339160913,0.9494911162568171,0.9930777837826986,0,91,False
TACGTAGGTGGCAAGCGTTGTCCGGATTTACTGGGTGTAAAGGGCGTGTAGCCGGGGAGACAAGTCAGATGTGAAATCTGGAGGCTCAACCTCCAAACTGCATTTGAAACTGTTTCTCTTGAGTATCGGAGAGGTAATCGGAATTCCTAGTGTAGCGGTGAAATGCGTAGATATTAGGAAGAACACCAGTGGCGAAGGCGGATTACTGGACGACAACTGACGGTGAGGCGCGAAAGCGTGGGGAGCAAACAGG,Bacteria,Firmicutes,Clostridia,Oscillospirales,Oscillospiraceae,Oscillospira,,Bacteria*Firmicutes*Clostridia*Oscillospirales*Oscillospiraceae*Oscillospira*_,1257.050569468305,0.00031174491056575737,0.0004402446777146645,0.7081173864134898,0.4806822298414164,0.9539541331513363,0,91,False
TACGTAGGTGGCAAGCGTTGTCCGGATTTACTGGGTGTAAAGGGCGTGTAGCCGGGTCGGCAAGTCAGATGTGAAATCCACGGGCTTAACTCGTGAACTGCATTTGAAACTGTTGATCTTGAGTATCGGAGAGGCAATCGGAATTCCTAGTGTAGCGGTGAAATGCGTAGATATTAGGAGGAACACCAGTGGCGAAGGCGGATTGCTGGACGACAACTGACGGTGAGGCGCGAAAGCGTGGGGAGCAAACAGG,Bacteria,Firmicutes,Clostridia,Oscillospirales,Oscillospiraceae,UCG-002,,Bacteria*Firmicutes*Clostridia*Oscillospirales*Oscillospiraceae*UCG-002*_,1258.61632651174,-0.0008207258806500709,0.0015190767980534866,-0.540279386599632,0.5903242296452064,0.958522368789967,0,91,False
TACGTAGGTGGCAAGCGTTGTCCGGATTTACTGGGTGTAAAGGGCGTGTAGCCGGGTCGGCAAGTCAGATGTGAAATCTATGGGCTCAACTCATAAACTGCATTTGAAACTGTTGATCTTGAGTATCGGAGAGGCAATCGGAATTCCTAGTGTAGCGGTGAAATGCGTAGATATTAGGAGGAACACCAGTGGCGAAGGCGGATTGCTGGACGACAACTGACGGTGAGGCGCGAAAGCGTGGGGAGCAAACAGG,Bacteria,Firmicutes,Clostridia,Oscillospirales,Oscillospiraceae,UCG-002,,Bacteria*Firmicutes*Clostridia*Oscillospirales*Oscillospiraceae*UCG-002*_,1256.3819917418045,-2.8897154008775816e-06,4.549242526204104e-05,-0.06352080339160913,0.9494911162568171,0.9930777837826986,0,91,False
TACGTAGGTGGCAAGCGTTGTCCGGATTTACTGGGTGTAAAGGGCGTGTAGCCGGGTCGGCAAGTCAGATGTGAAATCTGGAGGCTCAACCTCCAAACTGCATTTGAAACTGCCGGTCTTGAGTATCGGAGAGGTCATCGGAATTCCTTGTGTAGCGGTGAAATGCGTAGATATAAGGAAGAACACCAGTGGCGAAGGCGGATGACTGGACGACAACTGACGGTGAGGCGCGAAAGCGTGGGGAGCAAACAGG,Bacteria,Firmicutes,Clostridia,Oscillospirales,Oscillospiraceae,Oscillibacter,,Bacteria*Firmicutes*Clostridia*Oscillospirales*Oscillospiraceae*Oscillibacter*_,1256.3819917418045,1.878638869687508e-05,4.943652638543852e-05,0.3800102893638699,0.70482325729573,0.9870011751195937,0,91,False
TACGTAGGTGGCAAGCGTTGTCCGGATTTACTGGGTGTAAAGGGCGTGTAGCCGGGTGTGCAAGTCAGATGTGAAATCTGGAGGCTCAACCTCCAAACTGCATTTGAAACTGTGCATCTTGAGTATCGGAGAGGTAATCGGAATTCCTTGTGTAGCGGTGAAATGCGTAGATATAAGGAAGAACACCAGTGGCGAAGGCGGATTACTGGACGACAACTGACGGTGAGGCGCGAAAGCGTGGGGAGCAAACAGG,Bacteria,Firmicutes,Clostridia,Oscillospirales,Oscillospiraceae,Oscillospira,,Bacteria*Firmicutes*Clostridia*Oscillospirales*Oscillospiraceae*Oscillospira*_,1256.4684465523644,1.6430191860772404e-05,8.964458756290916e-05,0.18328147083327614,0.8549849209930149,0.9930777837826986,0,91,False
TACGTAGGTGGCAAGCGTTGTCCGGATTTACTGGGTGTAAAGGGCGTGTAGGCGGAGAAGCAAGTCAGAAGTGAAATCCATGGGCTTAACCCATGAACTGCTTTTGAAACTGTTTCCCTTGAGTATCGGAGAGGCAGGCGGAATTCCTAGTGTAGCGGTGAAATGCGTAGATATTAGGAGGAACACCAGTGGCGAAGGCGGCCTGCTGGACGACAACTGACGCTGAGGCGCGAAAGCGTGGGGAGCAAACAGG,Bacteria,Firmicutes,Clostridia,Oscillospirales,Oscillospiraceae,UCG-005,,Bacteria*Firmicutes*Clostridia*Oscillospirales*Oscillospiraceae*UCG-005*_,1269.5068449919931,-0.006369929277879015,0.0040722688001531065,-1.5642212217522384,0.12123668776209784,0.8826670779283483,0,91,False
TACGTAGGTGGCAAGCGTTGTCCGGATTTACTGGGTGTAAAGGGCGTGTAGGCGGAGATGCAAGTCAGATGTGAAATCCCCGGGCTTAACCCGGGAACTGCATTTGAAACTGTATCCCTTGAGTATCGGAGAGGCAGGCGGAATTCCTAGTGTAGCGGTGAAATGCGTAGATATTAGGAGGAACACCAGTGGCGAAGGCGGCCTGCTGGACGACAACTGACGCTGAGGCGCGAAAGCGTGGGGAGCAAACAGG,Bacteria,Firmicutes,Clostridia,Oscillospirales,Oscillospiraceae,UCG-005,,Bacteria*Firmicutes*Clostridia*Oscillospirales*Oscillospiraceae*UCG-005*_,1256.5554574227854,0.00041840904104665193,0.0002738450855247442,1.527904144216768,0.13000490733827003,0.8826670779283483,0,91,False
TACGTAGGTGGCAAGCGTTGTCCGGATTTACTGGGTGTAAAGGGCGTGTAGGCGGAGATGCAAGTCAGATGTGAAATCCTCGGGCTTAACCCGGGAACTGCATTTGAAACTGTATCCCTTGAGTATCGGAGAGGCAGGCGGAATTCCTAGTGTAGCGGTGAAATGCGTAGATATTAGGAGGAACACCAGTGGCGAAGGCGGCCTGCTGGACGACAACTGACGCTGAGGCGCGAAAGCGTGGGGAGCAAACAGG,Bacteria,Firmicutes,Clostridia,Oscillospirales,Oscillospiraceae,UCG-005,,Bacteria*Firmicutes*Clostridia*Oscillospirales*Oscillospiraceae*UCG-005*_,1258.7497482907631,-0.0014626810220775873,0.0006363110333597804,-2.298688762875127,0.023812431439162625,0.75962931211253,0,91,False
TACGTAGGTGGCAAGCGTTGTCCGGATTTACTGGGTGTAAAGGGCGTGTAGGCGGAGATTCAAGTCAGGAGTGAAATCTATGGGCTTAACCCATAAACTGCTTTTGAAACTGAATCCCTTGAGTATCGGAGAGGCAGGCGGAATTCCTAGTGTAGCGGTGAAATGCGTAGATATTAGGAGGAACACCAGTGGCGAAGGCGGCCTGCTGGACGACAACTGACGCTGAGGCGCGAAAGCGTGGGGAGCAAACAGG,Bacteria,Firmicutes,Clostridia,Oscillospirales,Oscillospiraceae,UCG-005,,Bacteria*Firmicutes*Clostridia*Oscillospirales*Oscillospiraceae*UCG-005*_,1257.468723711999,-0.001141084198411015,0.0006816628086531565,-1.6739716233977806,0.09757015055555145,0.8826670779283483,0,91,False
TACGTAGGTGGCAAGCGTTGTCCGGATTTACTGGGTGTAAAGGGCGTGTAGGCGGAGCTGCAAGTCAGATGTGAAATCCCGGGGCTTAACCCCGGAACTGCATTTGAAACTGTAGCCCTTGAGTATCGGAGAGGCAGGCGGAATTCCTAGTGTAGCGGTGAAATGCGTAGATATTAGGAGGAACACCAGTGGCGAAGGCGGCCTGCTGGACGACAACTGACGCTGAGGCGCGAAAGCGTGGGGAGCAAACAGG,Bacteria,Firmicutes,Clostridia,Oscillospirales,Oscillospiraceae,UCG-005,,Bacteria*Firmicutes*Clostridia*Oscillospirales*Oscillospiraceae*UCG-005*_,1256.3819917418045,-2.8897154008775816e-06,4.549242526204104e-05,-0.06352080339160913,0.9494911162568171,0.9930777837826986,0,91,False
TACGTAGGTGGCAAGCGTTGTCCGGATTTACTGGGTGTAAAGGGCGTGTAGGCGGAGCTGCAAGTCAGATGTGAAATCTCCGGGCTTAACCCGGAAACTGCATTTGAAACTGTAGCCCTTGAGTATCGGAGAGGCAAGCGGAATTCCTAGTGTAGCGGTGAAATGCGTAGATATTAGGAGGAACACCAGTGGCGAAGGCGGCTTGCTGGACGACAACTGACGCTGAGGCGCGAAAGCGTGGGGAGCAAACAGG,Bacteria,Firmicutes,Clostridia,Oscillospirales,Oscillospiraceae,UCG-005,,Bacteria*Firmicutes*Clostridia*Oscillospirales*Oscillospiraceae*UCG-005*_,1256.7891457953765,0.0001164678104242608,0.0003530525730190113,0.3298880091095929,0.7422427768769608,0.9930777837826986,0,91,False
TACGTAGGTGGCAAGCGTTGTCCGGATTTACTGGGTGTAAAGGGCGTGTAGGCGGAGCTGCAAGTCAGATGTGAAATCTCCGGGCTTAACCCGGAAACTGCATTTGAAACTGTAGTCCTTGAGTATCGGAGAGGCAAGCGGAATTCCTAGTGTAGCGGTGAAATGCGTAGATATTAGGAGGAACACCAGTGGCGAAGGCGGCTTGCTGGACGACAACTGACGCTGAGGCGCGAAAGCGTGGGGAGCAAACAGG,Bacteria,Firmicutes,Clostridia,Oscillospirales,Oscillospiraceae,UCG-005,,Bacteria*Firmicutes*Clostridia*Oscillospirales*Oscillospiraceae*UCG-005*_,1257.1102699465723,-0.00021989689650168503,0.00043162358953812325,-0.5094645006242473,0.6116599392495394,0.9598764883716622,0,91,False
TACGTAGGTGGCAAGCGTTGTCCGGATTTACTGGGTGTAAAGGGCGTGTAGGCGGAGCTGCAAGTCAGATGTGAAATCTCTGGGCTCAACCCAGAAACTGCATTTGAAACTGTAGCCCTTGAGTATCGGAGAGGCAAGCGGAATTCCTAGTGTAGCGGTGAAATGCGTAGATATTAGGAGGAACACCAGTGGCGAAGGCGGCTTGCTGGACGACAACTGACGCTGAGGCGCGAAAGCGTGGGGAGCAAACAGG,Bacteria,Firmicutes,Clostridia,Oscillospirales,Oscillospiraceae,UCG-005,,Bacteria*Firmicutes*Clostridia*Oscillospirales*Oscillospiraceae*UCG-005*_,1256.3819917418045,5.1088598907966944e-05,8.470540995585172e-05,0.6031326562800914,0.5479207415689527,0.9539541331513363,0,91,False
TACGTAGGTGGCAAGCGTTGTCCGGATTTACTGGGTGTAAAGGGCGTGTAGGCGGAGGTGCAAGTCAGAAGTGAAATCCACGGGCTTAACTCGTGAACTGCTTTTGAAACTGTACCCCTTGAGTATCGGAGAGGCAGGCGGAATTCCTAGTGTAGCGGTGAAATGCGTAGATATTAGGAGGAACACCAGTGGCGAAGGCGGCCTGCTGGACGACAACTGACGCTGAGGCGCGAAAGCGTGGGGAGCAAACAGG,Bacteria,Firmicutes,Clostridia,Oscillospirales,Oscillospiraceae,UCG-005,,Bacteria*Firmicutes*Clostridia*Oscillospirales*Oscillospiraceae*UCG-005*_,1256.4226031996916,-5.142660239758332e-06,7.93637830232136e-05,-0.0647985774349255,0.9484765105072159,0.9930777837826986,0,91,False
TACGTAGGTGGCAAGCGTTGTCCGGATTTACTGGGTGTAAAGGGCGTGTAGGCGGGAGAGCAAGTCAGAAGTGAAATCCATGGGCTTAACCCATGAACTGCTTTTGAAACTGTTCTTCTTGAGTATCGGAGAGGCAGGCGGAATTCCTAGTGTAGCGGTGAAATGCGTAGATATTAGGAGGAACACCAGTGGCGAAGGCGGCCTGCTGGACGACAACTGACGCTGAGGCGCGAAAGCGTGGGGAGCAAACAGG,Bacteria,Firmicutes,Clostridia,Oscillospirales,Oscillospiraceae,UCG-005,,Bacteria*Firmicutes*Clostridia*Oscillospirales*Oscillospiraceae*UCG-005*_,1256.7176849863342,-0.00014452400872664139,0.00025980212248012365,-0.5562849423514555,0.5793814267154305,0.9539541331513363,0,91,False
TACGTAGGTGGCAAGCGTTGTCCGGATTTACTGGGTGTAAAGGGCGTGTAGGCGGGAGAGCAAGTCAGAAGTGAAATCTATGGGCTTAACCCATAAACTGCTTTTGAAACTGTTCTTCTTGAGTATCGGAGAGGCAGGCGGAATTCCTAGTGTAGCGGTGAAATGCGTAGATATTAGGAGGAACACCAGTGGCGAAGGCGGCCTGCTGGACGACAACTGACGCTGAGGCGCGAAAGCGTGGGGAGCAAACAGG,Bacteria,Firmicutes,Clostridia,Oscillospirales,Oscillospiraceae,UCG-005,,Bacteria*Firmicutes*Clostridia*Oscillospirales*Oscillospiraceae*UCG-005*_,1258.1453421109723,-0.0006372865837467438,0.0008287311916012469,-0.7689907055572505,0.4438901295831219,0.9539541331513363,0,91,False
TACGTAGGTGGCAAGCGTTGTCCGGATTTACTGGGTGTAAAGGGCGTGTAGGCGGGATTGCAAGTCAGGCGTGAAAACCAGGGGCTCAACCTCTGGCCTGCGTTTGAAACTGTAGTTCTTGAGTACTGGAGAGGTTGACGGAATTCCTAGTGTAGCGGTGAAATGCGTAGATATTAGGAGGAACACCAGTGGCGAAGGCGGTCAACTGGACAGCAACTGACGCTGAGGCGCGAAAGCGTGGGGAGCAAACAGG,Bacteria,Firmicutes,Clostridia,Oscillospirales,Oscillospiraceae,,,Bacteria*Firmicutes*Clostridia*Oscillospirales*Oscillospiraceae*_*_,1256.6225640974253,-5.733253129614827e-05,0.0001077415894355639,-0.5321299935939469,0.5959327927654878,0.9598764883716622,0,91,False
TACGTAGGTGGCAAGCGTTGTCCGGATTTACTGGGTGTAAAGGGCGTGTAGGCGGGGCTGCAAGTCAGAAGTGAAATCTATGGGCTTAACCCATAAACTGCTTTTGAAACTGTGGCTCTTGAGTATCGGAGAGGCAGGCGGAATTCCTAGTGTAGCGGTGAAATGCGTAGATATTAGGAGGAACACCAGTGGCGAAGGCGGCCTGCTGGACGACAACTGACGCTGAGGCGCGAAAGCGTGGGGAGCAAACAGG,Bacteria,Firmicutes,Clostridia,Oscillospirales,Oscillospiraceae,UCG-005,,Bacteria*Firmicutes*Clostridia*Oscillospirales*Oscillospiraceae*UCG-005*_,1256.3819917418045,9.868028666298569e-05,0.00010472094417049954,0.942316624860841,0.34852551179004476,0.9224308545376517,0,91,False
TACGTAGGTGGCAAGCGTTGTCCGGATTTACTGGGTGTAAAGGGCGTGTAGGCGGGTAGACAAGTCAGATGTGAAATACCGGGGCTCAACTCCGGGGCTGCATTTGAAACTGTATATCTTGAGTGTCGGAGAGGAAAGCGGAATTCCTAGTGTAGCGGTGAAATGCGTAGATATTAGGAGGAACACCAGTGGCGAAGGCGGCTTTCTGGACGATAACTGACGCTGAGGCGCGAAAGCGTGGGGAGCAAACAGG,Bacteria,Firmicutes,Clostridia,Monoglobales,Monoglobaceae,Monoglobus,pectinilyticus,Bacteria*Firmicutes*Clostridia*Monoglobales*Monoglobaceae*Monoglobus*pectinilyticus,1256.4532343566377,0.000108796182992008,0.00023702180379201452,0.45901339560927534,0.6473190750241871,0.9685280873155366,0,91,False
TACGTAGGTGGCAAGCGTTGTCCGGATTTATTGGGCGTAAAGCGAGCGCAGGCGGTTCCTTAAGTCTGATGTGAAAGCCCCCGGCTCAACCGGGGAGGGTCATTGGAAACTGGGGAACTTGAGTGCAGAAGAGGAGAGTGGAATTCCATGTGTAGCGGTGAAATGCGTAGATATATGGAGGAACACCAGTGGCGAAGGCGACTCTCTGGTCTGTAACTGACGCTGAGGCTCGAAAGCGTGGGTAGCAAACAGG,Bacteria,Firmicutes,Bacilli,Lactobacillales,Carnobacteriaceae,Granulicatella,,Bacteria*Firmicutes*Bacilli*Lactobacillales*Carnobacteriaceae*Granulicatella*_,1256.3967163231998,-7.857863910515854e-06,4.6863403501458986e-05,-0.16767591176494934,0.8672103212835836,0.9930777837826986,0,91,False
TACGTAGGTGGCAAGCGTTGTCCGGATTTATTGGGCGTAAAGCGAGCGCAGGCGGTTTCTTAAGTCTGATGTGAAAGCCCCCGGCTCAACCGGGGAGGGTCATTGGAAACTGGGAGACTTGAGTGCAGAAGAGGAGAGTGGAATTCCATGTGTAGCGGTGAAATGCGTAGATATATGGAGGAACACCAGTGGCGAAGGCGGCTCTCTGGTCTGTAACTGACGCTGAGGCTCGAAAGCGTGGGGAGCAAACAGG,Bacteria,Firmicutes,Bacilli,Lactobacillales,Enterococcaceae,Enterococcus,,Bacteria*Firmicutes*Bacilli*Lactobacillales*Enterococcaceae*Enterococcus*_,1256.4022954285047,9.349733615891093e-05,8.523450128801857e-05,1.0969423736401196,0.2755608808730435,0.8853818901235723,0,91,False
TACGTAGGTGGCAAGCGTTGTCCGGATTTATTGGGCGTAAAGCGAGTGCAGGCGGTTCAATAAGTCTGATGTGAAAGCCTTCGGCTCAACCGGAGAATTGCATCAGAAACTGTTGAACTTGAGTGCAGAAGAGGAGAGTGGAACTCCATGTGTAGCGGTGGAATGCGTAGATATATGGAAGAACACCAGTGGCGAAGGCGGCTCTCTGGTCTGCAACTGACGCTGAGGCTCGAAAGCATGGGTAGCGAACAGG,Bacteria,Firmicutes,Bacilli,Lactobacillales,Lactobacillaceae,Lactobacillus,,Bacteria*Firmicutes*Bacilli*Lactobacillales*Lactobacillaceae*Lactobacillus*_,1256.4010586004877,-6.76316962952221e-06,4.901818282015219e-05,-0.13797267137250463,0.8905668580348481,0.9930777837826986,0,91,False
TACGTAGGTGGCGAGCGTTATCCGGAATCATTGGGCGTAAAGAGGGAGCAGGCGGCAACTAGGGTCTGCGGTAAAAGACCGAAGCTAAACTTCGGTAAGCCGTGGAAACCGAGGAGCTAGAGTGCAGTAGAGGATCGTGGAATTCCATGTGTAGCGGTGAAATGCGTAGATATATGGAGGAACACCAGTGGCGAAGGCGACGATCTGGGCTGCAACTGACGCTCAGTCCCGAAAGCGTGGGGAGCAAATAGG,Bacteria,Firmicutes,Bacilli,Erysipelotrichales,Erysipelatoclostridiaceae,Candidatus_Stoquefichus,,Bacteria*Firmicutes*Bacilli*Erysipelotrichales*Erysipelatoclostridiaceae*Candidatus_Stoquefichus*_,1256.3819917418045,-2.8897154008775816e-06,4.549242526204104e-05,-0.06352080339160913,0.9494911162568171,0.9930777837826986,0,91,False
TACGTAGGTGGCGAGCGTTATCCGGAATCATTGGGCGTAAAGAGGGAGCAGGCGGCAATAGAGGTCTGCGGTGAAAGCCTGAAGCTAAACTTCAGTAAGCCGTGGAAACCAAATAGCTAGAGTGCAGTAGAGGATCGTGGAATTCCATGTGTAGCGGTGAAATGCGTAGATATATGGAGGAACACCAGTGGCGAAGGCGACGATCTGGGCTGCAACTGACGCTCAGTCCCGAAAGCGTGGGGAGCAAATAGG,Bacteria,Firmicutes,Bacilli,Erysipelotrichales,Erysipelatoclostridiaceae,Coprobacillus,cateniformis,Bacteria*Firmicutes*Bacilli*Erysipelotrichales*Erysipelatoclostridiaceae*Coprobacillus*cateniformis,1256.5714044907552,9.689920974876356e-05,0.00037419917770570847,0.25895088905024427,0.7962579861341976,0.9930777837826986,0,91,False
TACGTAGGTGGCGAGCGTTATCCGGAATCATTGGGCGTAAAGAGGGAGCAGGCGGCAGTGCAGGTCTGCGGTGAAAGCCCGAAGCTAAACTTCGGTAAGCCGTGGAAACCGCACAGCTAGAGAGCATCAGAGGATCGCGGAATTCCATGTGTAGCGGTGAAATGCGTAGATATATGGAGGAACACCAGTGGCGAAGGCGGCGGTCTGGGGTGCAGCTGACGCTCAGTCCCGAAAGCGTGGGGAGCAAATAGG,Bacteria,Firmicutes,Bacilli,Erysipelotrichales,Erysipelatoclostridiaceae,Erysipelatoclostridium,,Bacteria*Firmicutes*Bacilli*Erysipelotrichales*Erysipelatoclostridiaceae*Erysipelatoclostridium*_,1256.7468904014956,-0.0003546538491083345,0.00024321558691847145,-1.4581871729595126,0.1482317256246267,0.8826670779283483,0,91,False
TACGTAGGTGGCGAGCGTTATCCGGAATCATTGGGCGTAAAGGGTGCGCAGGTGGTACATTAAGTCCGAAGTAAAAGGCAGCAGCTCAACTGCTGTTGGCTTTGGAAACTGGTGAACTGGAGTGCAGGAGAGGGCGATGGAATTCCATGTGTAGCGGTAAAATGCGTAGATATATGGAGGAACACCAGTGGCGAAGGCGGTCGCCTGGCCTGCAACTGACACTGAGGCACGAAAGCGTGGGGAGCAAATAGG,Bacteria,Firmicutes,Bacilli,Erysipelotrichales,Erysipelotrichaceae,Faecalitalea,,Bacteria*Firmicutes*Bacilli*Erysipelotrichales*Erysipelotrichaceae*Faecalitalea*_,1256.646454907876,-0.00011084999253017199,0.0002349804720573674,-0.47174129645594304,0.6382406137339276,0.9685280873155366,0,91,False
TACGTAGGTGGCGAGCGTTATCCGGAATGATTGGGCGTAAAGGGTGCGTAGGCGGCCCGTTAAGTCTGGAGTCAAAGCCGGCAGCTCAACTGTCGTACGCTTTGGAAACTGGCGGGCTGGAGTGCAGAAGAGGGCGATGGAACTCCATGTGTAGCGGTAAAATGCGTAGATATATGGAAGAACACCAGTGGCGAAGGCGGTCGCCTGGTCTGCAACTGACGCTGAAGCACGAAAGCGTGGGGAGCAAATAGG,Bacteria,Firmicutes,Bacilli,Erysipelotrichales,Erysipelotrichaceae,Faecalitalea,cylindroides,Bacteria*Firmicutes*Bacilli*Erysipelotrichales*Erysipelotrichaceae*Faecalitalea*cylindroides,1256.6374676157498,-0.00016406578885181478,0.00017240524678554335,-0.9516287462869265,0.34380606687583837,0.9191142356560728,0,91,False
TACGTAGGTGGCGAGCGTTATCCGGAATGATTGGGCGTAAAGGGTGCGTAGGCGGTACGGTAAGTCTGTAGTAAAAGGCGGCAGCTCAACTGTCGTAGGCTATGGAAACTGTCGAACTAGAGTGCAGAAGAGGGCGATGGAACTCCATGTGTAGCGGTAAAATGCGTAGATATATGGAAGAACACCAGTGGCGAAGGCGGTCGCCTGGTCTGTAACTGACGCTGAAGCACGAAAGCGTGGGGAGCAAATAGG,Bacteria,Firmicutes,Bacilli,Erysipelotrichales,Erysipelotrichaceae,Faecalicoccus,pleomorphus,Bacteria*Firmicutes*Bacilli*Erysipelotrichales*Erysipelotrichaceae*Faecalicoccus*pleomorphus,1258.2318747160057,-0.002125535669235252,0.0013965617988652324,-1.5219775243475389,0.13148216357478704,0.8826670779283483,0,91,False
TACGTAGGTGGCGAGCGTTATCCGGAATGATTGGGCGTAAAGGGTGCGTAGGTGGCACGATAAGTCTGGAGTAAAAGGGAGCGGCTCAACCGCTGTTGGCTCTGGAAACTGTCGAGCTAGAGAGCAGGAGAGGGCGACGGAATTCCATGTGTAGCGGTAAAATGCGTAGATATATGGAGGAACACCGGTGGCGAAGGCGGTCGCCTGGCCTGCAACTGACACTGAAGCACGAAAGCGTGGGGAGCAAATAGG,Bacteria,Firmicutes,Bacilli,Erysipelotrichales,Erysipelotrichaceae,Merdibacter,massiliensis,Bacteria*Firmicutes*Bacilli*Erysipelotrichales*Erysipelotrichaceae*Merdibacter*massiliensis,1256.3819917418045,3.4433246597351724e-06,4.598507491884805e-05,0.0748791790773803,0.9404752053661414,0.9930777837826986,0,91,False
TACGTAGGTGGCGAGCGTTATCCGGAATGATTGGGCGTAAAGGGTGCGTAGGTGGCACGATAAGTCTGGAGTAAAAGGGAGCGGCTCAACCGCTGTTGGCTCTGGAAACTGTCGAGCTAGAGAGCAGGAGAGGGCGATGGAATTCCATGTGTAGCGGTAAAATGCGTAGATATATGGAGGAACACCGGTGGCGAAGGCGGTCGCCTGGCCTGCAACTGACACTGAAGCACGAAAGCGTGGGGAGCAAATAGG,Bacteria,Firmicutes,Bacilli,Erysipelotrichales,Erysipelotrichaceae,Merdibacter,,Bacteria*Firmicutes*Bacilli*Erysipelotrichales*Erysipelotrichaceae*Merdibacter*_,1256.5255480619576,-9.702104356201994e-06,0.00010105942657468132,-0.09600395217988192,0.9237285403732733,0.9930777837826986,0,91,False
TACGTAGGTGGCGAGCGTTATCCGGAATGATTGGGCGTAAAGGGTGCGTAGGTGGCACGTTAAGTCTGGAGTAAAAGGGAGCGGCTCAACCGCTGTTGGCTCTGGAAACTGGCGAGCTAGAGTGCAGGAGAGGGCGATGGAATTCCATGTGTAGCGGTAAAATGCGTAGATATATGGAGGAACACCGGTGGCGAAGGCGGTCGCCTGGCCTGCAACTGACACTGAAGCACGAAAGCGTGGGGAGCAAATAGG,Bacteria,Firmicutes,Bacilli,Erysipelotrichales,Erysipelotrichaceae,Merdibacter,,Bacteria*Firmicutes*Bacilli*Erysipelotrichales*Erysipelotrichaceae*Merdibacter*_,1256.6100416289105,-4.111312151265211e-05,0.00022450994508179607,-0.1831238322100756,0.8551082436041352,0.9930777837826986,0,91,False
TACGTAGGTGGCGAGCGTTATCCGGAATGATTGGGCGTAAAGGGTGCGTAGGTGGCAGAACAAGTCTGGAGTAAAAGGTATGGGCTCAACCCGTACTGGCTCTGGAAACTGTTCAGCTAGAGAACAGAAGAGGACGGCGGAACTCCATGTGTAGCGGTAAAATGCGTAGATATATGGAAGAACACCGGTGGCGAAGGCGGCCGTCTGGTCTGTTGCTGACACTGAAGCACGAAAGCGTGGGGAGCAAATAGG,Bacteria,Firmicutes,Bacilli,Erysipelotrichales,Erysipelotrichaceae,Holdemanella,biformis,Bacteria*Firmicutes*Bacilli*Erysipelotrichales*Erysipelotrichaceae*Holdemanella*biformis,1264.240194395021,-0.00707275292947478,0.006016389745227329,-1.1755809096452636,0.24282893903436095,0.8853818901235723,0,91,False
TACGTAGGTGGCGAGCGTTATCCGGAATGATTGGGCGTAAAGGGTGCGTAGGTGGCAGATCAAGTCTGGAGTAAAAGGTATGGGCTCAACCCGTACTGGCTCTGGAAACTGATCAGCTAGAGAACAGAAGAGGACGGCGGAACTCCATGTGTAGCGGTAAAATGCGTAGATATATGGAAGAACACCGGTGGCGAAGGCGGCCGTCTGGTCTGGATTCTGACACTGAAGCACGAAAGCGTGGGGAGCAAATAGG,Bacteria,Firmicutes,Bacilli,Erysipelotrichales,Erysipelotrichaceae,Holdemanella,,Bacteria*Firmicutes*Bacilli*Erysipelotrichales*Erysipelotrichaceae*Holdemanella*_,1274.1876705646844,-0.015522607926621499,0.006458377250574003,-2.403484238280118,0.01826806486087668,0.75962931211253,0,91,False
TACGTAGGTGGCGAGCGTTATCCGGAATGATTGGGCGTAAAGGGTGCGTAGGTGGCAGATCAAGTCTGGAGTAAAAGGTATGGGCTCAACCCGTACTTGCTCTGGAAACTGATCAGCTAGAGAACAGAAGAGGACGGCGGAACTCCATGTGTAGCGGTAAAATGCGTAGATATATGGAAGAACACCGGTGGCGAAGGCGGCCGTCTGGTCTGGATTCTGACACTGAAGCACGAAAGCGTGGGGAGCAAATAGG,Bacteria,Firmicutes,Bacilli,Erysipelotrichales,Erysipelotrichaceae,Holdemanella,,Bacteria*Firmicutes*Bacilli*Erysipelotrichales*Erysipelotrichaceae*Holdemanella*_,1256.570349506171,0.00018529403611296642,0.0005742384158017586,0.3226778825903813,0.7476794223397083,0.9930777837826986,0,91,False
TACGTAGGTGGCGAGCGTTATCCGGAATTACTGGGTGTAAAGGGTGTGTAGGCGGGAAGGCAAGTCAGATGTGAAAACTATGGGCTCAACCCATAGCCTGCATTTGAGACTGTTTTTCTTGAGGATGGGAGAGGTAAATGGAATTCCCGGTGTAGCGGTGAAATGCGTAGATATCGGGAGGAACACCAGTGGCGAAGGCGGTTTACTGGACCATTACTGACGCTGAGACACGAAAGCGTGGGGAGCAAACAGG,Bacteria,Firmicutes,Clostridia,Oscillospirales,UCG-010,,,Bacteria*Firmicutes*Clostridia*Oscillospirales*UCG-010*_*_,1256.3819917418045,8.574347630679738e-05,0.00012793142730093768,0.6702299670674348,0.5044085337508846,0.9539541331513363,0,91,False
TACGTAGGTGGCGAGCGTTATCCGGAATTACTGGGTGTAAAGGGTGTGTAGGCGGGACGACAAGTCAGATGTGAAAATTGCAGGCTCAACCTGGAAAGTGCATTTGAAACTGCCGTTCTTGAGAGTCGGAGAGGTAAATGGAATTCCCGGTGTAGCGGTGAAATGCGTAGATATCGGGAGGAACACCAGTGGCGAAGGCGATTTACTGGACGACAACTGACGCTGAGACACGAAAGCGTGGGGAGCAAACAGG,Bacteria,Firmicutes,Clostridia,Oscillospirales,UCG-010,,,Bacteria*Firmicutes*Clostridia*Oscillospirales*UCG-010*_*_,1256.685089408849,-0.00020712476433768293,0.00016512895707917897,-1.2543212771480599,0.21293757949285663,0.8826670779283483,0,91,False
TACGTAGGTGGCGAGCGTTATCCGGAATTACTGGGTGTAAAGGGTGTGTAGGCGGGACTTCAAGTCAGATGTGAAAATTGCGGGCTCAACCCGCAACCTGCATTTGAAACTGAGGTTCTTGAGAGTCGGAGAGGTAAATGGAATTCCCGGTGTAGCGGTGAAATGCGTAGATATCGGGAGGAACACCAGTGGCGAAGGCGATTTACTGGACGACAACTGACGCTGAGACACGAAAGCGTGGGGAGCAAACAGG,Bacteria,Firmicutes,Clostridia,Oscillospirales,UCG-010,,,Bacteria*Firmicutes*Clostridia*Oscillospirales*UCG-010*_*_,1256.3819917418045,0.0004021648548764406,0.0002770668985488122,1.4515081266757288,0.15007726469032062,0.8826670779283483,0,91,False
TACGTAGGTGGCGAGCGTTATCCGGAATTACTGGGTGTAAAGGGTGTGTAGGCGGGGTGTCAAGTCAGATGTGAAAACTGTGGGCTCAACCCACAAACTGCATTTGAAACTGATACTCTTGAGAGTGGGAGAGGTAAACGGAATTCCTGGTGTAGTAGTGAAATGCGTAGATATCAGGAGGAACACCGGTGGCGAAGGCGGTTTACTGGACCACAACTGACGCTGAGACACGAAAGCGTGGGGAGCAAACAGG,Bacteria,Firmicutes,Clostridia,Oscillospirales,UCG-010,,,Bacteria*Firmicutes*Clostridia*Oscillospirales*UCG-010*_*_,1256.6784931287143,-5.5818558871852035e-05,0.00018300078075676613,-0.3050181460484739,0.7610488738419658,0.9930777837826986,0,91,False
TACGTAGGTGGCGAGCGTTATCCGGAATTATTGGGCGTAAAGAGCGCGCAGGTGGTTGATTAAGTCTGATGTGAAAGCCCACGGCTTAACCGTGGAGGGTCATTGGAAACTGGTCAACTTGAGTGCAGAAGAGGGAAGTGGAATTCCATGTGTAGCGGTGAAATGCGTAGAGATATGGAGGAACACCAGTGGCGAAGGCGGCTTCCTGGTCTGTAACTGACACTGAGGCGCGAAAGCGTGGGGAGCAAACAGG,Bacteria,Firmicutes,Bacilli,Erysipelotrichales,Erysipelotrichaceae,Turicibacter,sanguinis,Bacteria*Firmicutes*Bacilli*Erysipelotrichales*Erysipelotrichaceae*Turicibacter*sanguinis,1256.7920326153496,7.351433090974573e-07,0.00026988571274101186,0.002723905988320755,0.997832602638777,0.9999331984954238,0,91,False
TACGTAGGTGGCGAGCGTTATCCGGAATTATTGGGCGTAAAGAGCGCGCAGGTGGTTGATTAAGTCTGATGTGAAAGCCCACGGCTTAACCGTGGAGGGTCATTGGAAACTGGTCGACTTGAGTGCAGAAGAGGGAAGTGGAATTCCATGTGTAGCGGTGAAATGCGTAGAGATATGGAGGAACACCAGTGGCGAAGGCGGCTTCCTGGTCTGTAACTGACACTGAGGCGCGAAAGCGTGGGGAGCAAACAGG,Bacteria,Firmicutes,Bacilli,Erysipelotrichales,Erysipelotrichaceae,Turicibacter,sanguinis,Bacteria*Firmicutes*Bacilli*Erysipelotrichales*Erysipelotrichaceae*Turicibacter*sanguinis,1258.1053665584425,-0.000948852154045427,0.0006880753337323791,-1.378994577379335,0.17127649836869727,0.8826670779283483,0,91,False
TACGTAGGTGGCGAGCGTTATCCGGAATTATTGGGCGTAAAGAGGGAGCAGGCGGCACTAAGGGTCTGTGGTGAAAGATCGAAGCTTAACTTCGGTAAGCCATGGAAACCGTAGAGCTAGAGTGTGTGAGAGGATCGTGGAATTCCATGTGTAGCGGTGAAATGCGTAGATATATGGAGGAACACCAGTGGCGAAGGCGACGATCTGGCGCATAACTGACGCTCAGTCCCGAAAGCGTGGGGAGCAAATAGG,Bacteria,Firmicutes,Bacilli,Erysipelotrichales,Erysipelatoclostridiaceae,Erysipelotrichaceae_UCG-003,bacterium,Bacteria*Firmicutes*Bacilli*Erysipelotrichales*Erysipelatoclostridiaceae*Erysipelotrichaceae_UCG-003*bacterium,1277.046130345483,-0.006152732353015796,0.004216918022941133,-1.4590590377956905,0.14799211984380323,0.8826670779283483,0,91,False
TACGTAGGTGGCGAGCGTTATCCGGAATTATTGGGCGTAAAGAGGGAGCAGGCGGCGGCAGAGGTCTGTGGTGAAAGACTGAAGCTTAACTTCAGTAAGCCATAGAAACCGGGCTGCTAGAGTGCAGGAGAGGATCGTGGAATTCCATGTGTAGCGGTGAAATGCGTAGATATATGGAGGAACACCAGTGGCGAAGGCGACGGTCTGGCCTGTAACTGACGCTCATTCCCGAAAGCGTGGGGAGCAAATAGG,Bacteria,Firmicutes,Bacilli,Erysipelotrichales,Erysipelatoclostridiaceae,Erysipelatoclostridium,,Bacteria*Firmicutes*Bacilli*Erysipelotrichales*Erysipelatoclostridiaceae*Erysipelatoclostridium*_,1257.2104934667527,-0.0005606872669522667,0.00029611440606930334,-1.8934818957137876,0.06147109618563988,0.8826670779283483,0,91,False
TACGTAGGTGGCGAGCGTTATCCGGAATTATTGGGCGTAAAGGGTGCGCAGGCGGTTTGAAAAGTTTAAGGTGAAAGCGTGGGGCTTAACCCCATACAGCCTTAGAAACTGTCAGACTAGAGTACAGGAGAGGGCAATGGAATTCCATGTGTAGCGGTAAAATGCGTAGATATATGGAGGAACACCAGTGGCGAAGGCGGTTGCCTGGCCTGTAACTGACGCTCATGCACGAAAGCGTGGGGAGCAAATAGG,Bacteria,Firmicutes,Bacilli,Erysipelotrichales,Erysipelotrichaceae,Holdemania,massiliensis,Bacteria*Firmicutes*Bacilli*Erysipelotrichales*Erysipelotrichaceae*Holdemania*massiliensis,1256.5005553830492,-6.335848375561208e-05,8.259142316420692e-05,-0.7671315171509246,0.4449890888421357,0.9539541331513363,0,91,False
TACGTAGGTGGCGAGCGTTATCCGGAATTATTGGGCGTAAAGGGTGCGCAGGCGGTTTGTTAAGTTTAAGGTGAAAGCGTGGGGCTTAACCCCATATAGCCTTAGAAACTGACAGACTAGAGTACAGGAGAGGGCAATGGAATTCCATGTGTAGCGGTAAAATGCGTAGATATATGGAGGAACACCAGTGGCGAAGGCGGTTGCCTGGCCTGTAACTGACGCTCATGCACGAAAGCGTGGGGAGCAAATAGG,Bacteria,Firmicutes,Bacilli,Erysipelotrichales,Erysipelotrichaceae,Holdemania,filiformis,Bacteria*Firmicutes*Bacilli*Erysipelotrichales*Erysipelotrichaceae*Holdemania*filiformis,1256.5485754893687,-8.731852336130349e-05,0.00010283066803277199,-0.8491486541104177,0.39802692955712937,0.9450353176710072,0,91,False
TACGTAGGTGGCGAGCGTTATCCGGAATTATTGGGCGTAAAGGGTGCGCAGGCGGTTTTTTAAGTTTAAGGTGAAAGCGTGGGGCTTAACCCCATATAGCCTTAGAAACTGAGAGACTAGAGTACAGGAGAGGGCAATGGAATTCCATGTGTAGCGGTAAAATGCGTAGATATATGGAGGAACACCAGTGGCGAAGGCGGTTGCCTGGCCTGTAACTGACGCTCATGCACGAAAGCGTGGGGAGCAAATAGG,Bacteria,Firmicutes,Bacilli,Erysipelotrichales,Erysipelotrichaceae,Holdemania,,Bacteria*Firmicutes*Bacilli*Erysipelotrichales*Erysipelotrichaceae*Holdemania*_,1256.4213301655543,0.00010736454588207924,8.279861240112459e-05,1.29669499003127,0.1980145823666888,0.8826670779283483,0,91,False
TACGTAGGTGGCGAGCGTTATCCGGAATTATTGGGTGTAAAGGGTGCGTAGGCGGGTCGTAAAGTCAGATGTGAAATGCGGAGGCTCAACCTCCGAACTGCATTTGAAACTTACGATCTTGAGTGGAGTAGAGGCAAGCGGAATTCCCGGTGTAGCGGTGAAATGCATAGATATCGGGAGGAACACCAGTGGCGAAGGCGGCTTGCTGGGCTTTTACTGACGCTGAGGCACGAAAGTGTGGGGAGCAAACAGG,Bacteria,Firmicutes,Clostridia,Oscillospirales,UCG-010,,,Bacteria*Firmicutes*Clostridia*Oscillospirales*UCG-010*_*_,1256.8228995503673,-0.000386926689943428,0.000197302060849854,-1.9610879292227847,0.05292613846331644,0.8826670779283483,0,91,False
TACGTAGGTGGCGAGCGTTATCCGGATTTACTGGGCGTAAAGGGAGCGTAGGCGGATGATTAAGTGGGATGTGAAATACCCGGGCTCAACTTGGGTGCTGCATTCCAAACTGGTTATCTAGAGTGCAGGAGAGGAGAGTGGAATTCCTAGTGTAGCGGTGAAATGCGTAGAGATTAGGAAGAACACCAGTGGCGAAGGCGACTCTCTGGACTGTAACTGACGCTGAGGCTCGAAAGCGTGGGGAGCAAACAGG,Bacteria,Firmicutes,Clostridia,Clostridiales,Clostridiaceae,Clostridium_sensu_stricto_1,,Bacteria*Firmicutes*Clostridia*Clostridiales*Clostridiaceae*Clostridium_sensu_stricto_1*_,1256.4097002004917,0.0010312490865372458,0.0010494528974172382,0.9826539991220254,0.32838315674147867,0.9189073084248836,0,91,False
TACGTAGGTGGCGAGCGTTATCCGGATTTACTGGGTGTAAAGGGCGAGTAGGCGGGATTGCAAGTCAGATGTGAAAACTATGGGCTCAACCCATAGACTGCATTTGAAACTGTAGTTCTTGAGTGATGGAGAGGCAGGCGGAATTCCCGGTGTAGCGGTGGAATGCGTAGATATCGGGAGGAACACCAGTGGCGAAGGCGGCCTGCTGGACATTAACTGACGCTGAGGCGCGAAAGCGTGGGGAGCAAACAGG,Bacteria,Firmicutes,Clostridia,Oscillospirales,Butyricicoccaceae,UCG-009,,Bacteria*Firmicutes*Clostridia*Oscillospirales*Butyricicoccaceae*UCG-009*_,1256.8006386707716,-0.00025351926848338115,0.0001784122355878586,-1.4209746750162564,0.1587418139776392,0.8826670779283483,0,91,False
TACGTAGGTGGCGAGCGTTATCCGGATTTACTGGGTGTAAAGGGCGAGTAGGCGGGCATGCAAGTCAGATGTGAAATTTATGGGCTCAACCCATAACCTGCATTTGAAACTGTGTGTCTTGAGTGATGGAGAGGCAGGCGGAATTCCGTGTGTAGCGGTGAAATGCGTAGATATACGGAGGAACACCAGTGGCGAAGGCGGCCTGCTGGACATTAACTGACGCTGAGGCGCGAAAGCGTGGGGAGCAAACAGG,Bacteria,Firmicutes,Clostridia,Oscillospirales,Oscillospiraceae,Intestinimonas,,Bacteria*Firmicutes*Clostridia*Oscillospirales*Oscillospiraceae*Intestinimonas*_,1256.3819917418045,3.4184649028983155e-05,5.211241962327658e-05,0.655978925486588,0.5134928762559653,0.9539541331513363,0,91,False
TACGTAGGTGGCGAGCGTTATCCGGATTTACTGGGTGTAAAGGGCGCGTAGGCGGGAATGCAAGTCAGATGTGAAATCCAAGGGCTCAACCCTTGAACTGCATTTGAAACTGTATTTCTTGAGTGTCGGAGAGGTTGACGGAATTCCTAGTGTAGCGGTGAAATGCGTAGATATTAGGAGGAACACCAGTGGCGAAGGCGGTCAACTGGACGATAACTGACGCTGAGGCGCGAAAGCGTGGGGAGCAAACAGG,Bacteria,Firmicutes,Clostridia,Oscillospirales,Oscillospiraceae,NK4A214_group,,Bacteria*Firmicutes*Clostridia*Oscillospirales*Oscillospiraceae*NK4A214_group*_,1259.832426769024,-0.0017487528426471139,0.00125820116139253,-1.3898833479947352,0.1679550745616247,0.8826670779283483,0,91,False
TACGTAGGTGGCGAGCGTTATCCGGATTTACTGGGTGTAAAGGGCGCGTAGGCGGGAATGCAAGTCAGATGTGAAATCCAGGGGCTTAACCCTTGAACTGCATTTGAAACTGTATTTCTTGAGTGTCGGAGAGGTTGACGGAATTCCTAGTGTAGCGGTGAAATGCGTAGATATTAGGAGGAACACCAGTGGCGAAGGCGGTCAACTGGACGATAACTGACGCTGAGGCGCGAAAGCGTGGGGAGCAAACAGG,Bacteria,Firmicutes,Clostridia,Oscillospirales,Oscillospiraceae,NK4A214_group,,Bacteria*Firmicutes*Clostridia*Oscillospirales*Oscillospiraceae*NK4A214_group*_,1257.7975884111534,-0.0008155586487755438,0.0006070210064275521,-1.3435427112733382,0.1824370421671969,0.8826670779283483,0,91,False
TACGTAGGTGGCGAGCGTTATCCGGATTTACTGGGTGTAAAGGGCGTGTAGGCGGGAAGGCAAGTCAGATGTGAAAACTATGGGCTCAACCCATAGCCTGCATTTGAAACTGTTTTTCTTGAGTGCTGGAGAGGCAATCGGAATTCCGTGTGTAGCGGTGAAATGCGTAGATATACGGAGGAACACCAGTGGCGAAGGCGGATTGCTGGACAGTAACTGACGCTGAGGCGCGAAAGCGTGGGGAGCAAACAGG,Bacteria,Firmicutes,Clostridia,Oscillospirales,Oscillospiraceae,,,Bacteria*Firmicutes*Clostridia*Oscillospirales*Oscillospiraceae*_*_,1256.3819917418045,7.947175019084522e-06,5.0462901779470635e-05,0.1574854940727487,0.8752111529707489,0.9930777837826986,0,91,False
TACGTAGGTGGCGAGCGTTATCCGGATTTACTGGGTGTAAAGGGCGTGTAGGCGGGACTGCAAGTCAGATGTGAAAACCATGGGCTCAACCTGTGGCCTGCATTTGAAACTGTAGTTCTTGAGTACTGGAGAGGCAGACGGAATTCCTAGTGTAGCGGTGAAATGCGTAGATATTAGGAGGAACACCAGTGGCGAAGGCGGTCTGCTGGACAGCAACTGACGCTGAGGCGCGAAAGCGTGGGGAGCAAACAGG,Bacteria,Firmicutes,Clostridia,Oscillospirales,Oscillospiraceae,Colidextribacter,,Bacteria*Firmicutes*Clostridia*Oscillospirales*Oscillospiraceae*Colidextribacter*_,1256.993134082751,-0.000160926239539159,0.00024367164674613464,-0.6604225058109342,0.5106510508444579,0.9539541331513363,0,91,False
TACGTAGGTGGCGAGCGTTATCCGGATTTACTGGGTGTAAAGGGTGAGTAGGCGGGAAGTCAAGTCAGATGTGAAATGCCGCGGCTTAACTGCGGAACTGCATTTGAAACTGATTTTCTTGAGAGTCGGAGAGGCAATCGGAATTCCTAGTGTAGCGGTGAAATGCGTAGATATTAGGAGGAACACCAGTGGCGAAGGCGGATTGCTGGACGACAACTGACGCTGAGACACGAAAGCGTGGGGAGCAAACAGG,Bacteria,Firmicutes,Clostridia,Oscillospirales,,,,Bacteria*Firmicutes*Clostridia*Oscillospirales*_*_*_,1256.5417222391966,0.00031632631969966157,0.0003263156622605678,0.9693874866694887,0.3349213761755464,0.9191142356560728,0,91,False
TACGTAGGTGGCGAGCGTTATCCGGATTTACTGGGTGTAAAGGGTGTGTAGGCGGAGAGACAAGTCAGGTGTGAAAATTATGGGCTCAACTCATAAACTGCGCCTGAAACTGTATCCCTTGAGAGTCGGAGGGGTAAATGGAATTCCCGGTGTAGCGGTGAAATGCGTAGATATCGGGAGGAACACCGGTGGCGAAGGCGGTTTACTGGACGACAACTGACGCTGAGACACGAAAGTGTGGGGAGCAAACAGG,Bacteria,Firmicutes,Clostridia,Oscillospirales,UCG-010,,,Bacteria*Firmicutes*Clostridia*Oscillospirales*UCG-010*_*_,1256.6527491609743,-0.0003109355250216393,0.0001734264894772609,-1.7928952258611457,0.07631221591799292,0.8826670779283483,0,91,False
TACGTAGGTGGCGAGCGTTATCCGGATTTACTGGGTGTAAAGGGTGTGTAGGCGGGACTGCAAGTCAGATGTGAAAACTATGGGCTCAACTCATAGCTTGCATTTGAAACTGTGGTTCTTGAGGGTCGGAGAGGTAACTGGAATTCCCGGTGTAGCGGTGAAATGCGTAGATATCGGGAGGAACACCAGTGGCGAAGGCGAGTTACTGGACGATACCTGACGCTGAGACACGAAAGTGTGGGGAGCAAACAGG,Bacteria,Firmicutes,Clostridia,Oscillospirales,UCG-010,,,Bacteria*Firmicutes*Clostridia*Oscillospirales*UCG-010*_*_,1257.051227340963,-0.0003648359719220987,0.0002810088233853621,-1.298307887726999,0.19746232166820654,0.8826670779283483,0,91,False
TACGTAGGTGGCGAGCGTTATCCGGATTTACTGGGTGTAAAGGGTGTGTAGGCGGGGATGCAAGTCAGATGTGAAAATTACGGGCTCAACCCGTAACCTGCATTTGAAACTGCAGCTCTTGAGTATGGGAGAGGTAAGCGGAATTCCTGGTGTAGCGGTAAAATGCGTAGATATCAGGAGGAACACCGGTGGCGAAGGCGGCTTACTGGACCACAACTGACGCTGAGACACGAAAGCGTGGGGAGCAAACAGG,Bacteria,Firmicutes,Clostridia,Oscillospirales,UCG-010,,,Bacteria*Firmicutes*Clostridia*Oscillospirales*UCG-010*_*_,1256.3819917418045,4.0319500579237056e-05,7.196779992682638e-05,0.5602436175655239,0.5766899293571439,0.9539541331513363,0,91,False
TACGTAGGTGGCGAGCGTTATCCGGATTTATTGGGCGTAAAGCGTCCGCAGCCGGTTTATTAAGTCTAGAATTAAAGCCTGGAGCTCAACTCCAGTTCGTTTTAGAAACTGATAGACTCGAGTGTGGTAGAGGCAAACGGAATTTCTAGTGTAGCGGTAGAATGCGTAGATATTAGAAGGAACACCAGTGGCGAAGGCGGTTTGCTAGGCCACCACTGACGGTCATGGACGAAAGCGTGGGGAGCAAATAGG,Bacteria,Firmicutes,Bacilli,RF39,,,,Bacteria*Firmicutes*Bacilli*RF39*_*_*_,1258.661850830302,0.0005104145201698463,0.003380888611839607,0.15097052247814807,0.8803331289340264,0.9930777837826986,0,91,False
TACGTAGGTGGCGAGCGTTATCCGGATTTATTGGGCGTAAAGGGTGCGCAGACGGTTTATTAAGTCTAAAATCAAATCTTGGGGCTCAACCCCATTCCGTTTTAGAAACTGGTAGACTTGAGTATGGTAGAGGCAAATGGAATTCCTAGTGTAGCGGTGGAATGCGTAGATATTAGGAGGAACACCAGTGGCGAAGGCGATTTGCTGGGCCATTACTGACGTTCAGGCACGAAAGCGTGGGGAGCAAATAGG,Bacteria,Firmicutes,Bacilli,RF39,,,,Bacteria*Firmicutes*Bacilli*RF39*_*_*_,1257.4939767624728,-2.4349274664649227e-05,0.0012794923333256884,-0.01903041857340402,0.9848585032280361,0.9999331984954238,0,91,False
TACGTAGGTGGCGAGCGTTGTCCGGAATGACTGGGCGTAAAGGGAGCGTAGGCGGCACAACAAGTTAGGAGTGAAATACCGTGGCTTAACCACGGAACTGCTTTTAAAACTGTTGAGCTAGAGTGATGGAGAGGAAAGCGGAATTCCTAGTGTAGCGGTGGAATGCGTAGATATTAGGAGGAACACCAGAGGCGAAGGCGGCTTTCTGGACATTAACTGACGCTGAGGCTCGAAAGCGTGGGGAGCAAACAGG,Bacteria,Firmicutes,Clostridia,Clostridia_vadinBB60_group,,,,Bacteria*Firmicutes*Clostridia*Clostridia_vadinBB60_group*_*_*_,1256.7379496634555,0.00031486423240367984,0.0005223893600766102,0.6027386016390225,0.5481817503355833,0.9539541331513363,0,91,False
TACGTAGGTGGCGAGCGTTGTCCGGAATGACTGGGCGTAAAGGGCGTGTAGGTGGACTGATCAGTCGGATGTGAAAGCCCCAGGCTTAACCTGGGAACCGCATCCGATACGGTCAGTCTTGAGTGCGGGAGAGGGCAGTGGAATTCCCAGTGTAGCGGTGAAATGCGTAGAGATTGGGAGGAACACCAGTGGCGAAGGCGGCTGCCTGGACCGTAACTGACACTGAGGCGCGAAAGCGTGGGGAGCAAACAGG,Bacteria,Firmicutes,,,,,,Bacteria*Firmicutes*_*_*_*_*_,1256.3819917418045,5.8722227414677e-05,6.16102848402514e-05,0.9531237774169878,0.34305225733091127,0.9191142356560728,0,91,False
TACGTAGGTGGCGAGCGTTGTCCGGAATTACTGGGTGTAAAGGGAGCGTAGGCGGGTACGCAAGTTGAATGTGAAAACTAACGGCTCAACCGATAGTTGCGTTCAAAACTGCGGATCTTGAGTGAAGTAGAGGCAGGCGGAATTCCTAGTGTAGCGGTAAAATGCGTAGATATTAGGAGGAACACCAGTGGCGAAGGCGGCCTGCTGGGCTTTAACTGACGCTGAGGCTCGAAAGTGTGGGGAGCAAACAGG,Bacteria,Firmicutes,Clostridia,Oscillospirales,Ruminococcaceae,Candidatus_Soleaferrea,,Bacteria*Firmicutes*Clostridia*Oscillospirales*Ruminococcaceae*Candidatus_Soleaferrea*_,1256.4219587241937,-4.878280410453846e-05,5.683112460956001e-05,-0.8583818187601434,0.3929369810908969,0.9431683284555131,0,91,False
TACGTAGGTGGCGAGCGTTGTCCGGAATTACTGGGTGTAAAGGGAGTGTAGGCGGGAAGGCAAGTCAGAAGTGAAAATTATGGGCTTAACCCATAACCTGCTTTTGAAACTGTTTTTCTTGAGTGAGGCAGAGGCAAGCGGAATTCCTAGTGTAGCGGTGAAATGCGTAGATATTAGGAGGAACACCAGTGGCGAAGGCGGCTTGCTGGGCCTTTACTGACGCTGAGGCTCGAAAGCGTGGGGAGCAAACAGG,Bacteria,Firmicutes,Clostridia,Oscillospirales,Ruminococcaceae,,,Bacteria*Firmicutes*Clostridia*Oscillospirales*Ruminococcaceae*_*_,1261.0236558032195,-0.0028199054554278223,0.002387900859890371,-1.1809139578589058,0.24071421852248492,0.8853818901235723,0,91,False
TACGTAGGTGGCGAGCGTTGTCCGGAATTACTGGGTGTAAAGGGTGCGTAGGCGGCTTCTAAAGTCAGATGTGAAATACCGCAGCTCAACTGCGGGGCTGCATTTGAAACTTGGGAGCTTGAGTGAAGTAGAGGTAAGCGGAATTCCTAGTGTAGCGGTGGAATGCGTAGATATTAGGAGGAACACCAGTGGCGAAGGCGGCTTACTGGGCTTTAACTGACGCTGAGGCACGAAAGCGTGGGGAGCAAACAGG,Bacteria,Firmicutes,Clostridia,Oscillospirales,Ruminococcaceae,,,Bacteria*Firmicutes*Clostridia*Oscillospirales*Ruminococcaceae*_*_,1256.3924778540504,-1.2431996308835187e-05,4.588152574330295e-05,-0.2709586507299141,0.787036497204707,0.9930777837826986,0,91,False
TACGTAGGTGGCGAGCGTTGTCCGGAATTATTGGGCGTAAAGAGCATGTAGGCGGCTTAATAAGTCGAGCGTGAAAATGCGGGGCTCAACCCCGTATGGCGCTGGAAACTGTTAGGCTTGAGTGCAGGAGAGGAAAGGGGAATTCCCAGTGTAGCGGTGAAATGCGTAGATATTGGGAGGAACACCAGTGGCGAAGGCGCCTTTCTGGACTGTGTCTGACGCTGAGATGCGAAAGCCAGGGTAGCGAACGGG,Bacteria,Firmicutes,Negativicutes,Acidaminococcales,Acidaminococcaceae,Phascolarctobacterium,faecium,Bacteria*Firmicutes*Negativicutes*Acidaminococcales*Acidaminococcaceae*Phascolarctobacterium*faecium,1264.5303976521704,0.00046366692498242757,0.0045929161680917175,0.10095262095216376,0.9198101653874371,0.9930777837826986,0,91,False
TACGTAGGTGGCGAGCGTTGTCCGGAATTATTGGGCGTAAAGAGCATGTAGGCGGTTTTTTAAGTCTGGAGTGAAAATGCGGGGCTCAACCCCGTATGGCTCTGGATACTGGAAGACTTGAGTGCAGGAGAGGAAAGGGGAATTCCCAGTGTAGCGGTGAAATGCGTAGATATTGGGAGGAACACCAGTGGCGAAGGCGCCTTTCTGGACTGTGTCTGACGCTGAGATGCGAAAGCCAGGGTAGCGAACGGG,Bacteria,Firmicutes,Negativicutes,Acidaminococcales,Acidaminococcaceae,Phascolarctobacterium,succinatutens,Bacteria*Firmicutes*Negativicutes*Acidaminococcales*Acidaminococcaceae*Phascolarctobacterium*succinatutens,1261.4042332621734,-0.0013708618546220686,0.0031130876151143068,-0.4403544082622079,0.6607246721525807,0.9706987547576728,0,91,False
TACGTAGGTGGCGAGCGTTGTCCGGAATTATTGGGCGTAAAGGGAGCGCAGGCGGGAAGGTAAGTCTATCTTAAAAGTGCGGGGCTCAACCCCGTGAGGGGATGGAAACTATCTTTCTTGAGTGCAGGAGAGGAAAGCGGAATTCCTAGTGTAGCGGTGAAATGCGTAGATATTAGGAGGAACACCAGTGGCGAAGGCGGCTTTCTGGACTGTAACTGACGCTGAGGCTCGAAAGCGTGGGGAGCGAACAGG,Bacteria,Firmicutes,Negativicutes,Veillonellales-Selenomonadales,Selenomonadaceae,Mitsuokella,jalaludinii,Bacteria*Firmicutes*Negativicutes*Veillonellales-Selenomonadales*Selenomonadaceae*Mitsuokella*jalaludinii,1256.7046567573725,-0.00015763804433411324,0.0003422930327899462,-0.46053535781679333,0.6462306540599237,0.9685280873155366,0,91,False
TACGTAGGTGGCGAGCGTTGTCCGGAATTATTGGGCGTAAAGGGAGCGCAGGCGGGAGGTCAAGTCTATCTTAAAAGTGCGGGGCTCAACCCCGTGAGGGGATGGAAACTGGTCTTCTTGAGTGCAGGAGAGGAAAGCGGAATTCCTAGTGTAGCGGTGAAATGCGTAGATATTAGGAGGAACACCAGTGGCGAAGGCGGCTTTCTGGACTGTAACTGACGCTGAGGCTCGAAAGCGTGGGGAGCGAACAGG,Bacteria,Firmicutes,Negativicutes,Veillonellales-Selenomonadales,Selenomonadaceae,Mitsuokella,multacida,Bacteria*Firmicutes*Negativicutes*Veillonellales-Selenomonadales*Selenomonadaceae*Mitsuokella*multacida,1256.5694875327422,-4.396893448284442e-05,0.00025724680809783706,-0.17092120523463208,0.864665194158153,0.9930777837826986,0,91,False
TACGTAGGTGGCGAGCGTTGTCCGGATTTACTGGGCGTAAAGGGAGCGTAGGCGGACTTTTAAGTGAGATGTGAAATACCCGGGCTCAACTTGGGTGCTGCATTTCAAACTGGAAGTCTAGAGTGCAGGAGAGGAGAATGGAATTCCTAGTGTAGCGGTGAAATGCGTAGAGATTAGGAAGAACACCAGTGGCGAAGGCGATTCTCTGGACTGTAACTGACGCTGAGGCTCGAAAGCGTGGGGAGCAAACAGG,Bacteria,Firmicutes,Clostridia,Clostridiales,Clostridiaceae,Clostridium_sensu_stricto_1,,Bacteria*Firmicutes*Clostridia*Clostridiales*Clostridiaceae*Clostridium_sensu_stricto_1*_,1264.315591460858,-0.0030727709728363087,0.004086664315771956,-0.7519019756473132,0.4540503878575667,0.9539541331513363,0,91,False
TACGTAGGTGGCGAGCGTTGTCCGGATTTACTGGGCGTAAAGGGAGCGTAGGCGGATTTTTAAGTGAGATGTGAAATACCCGGGCTCAACTTGGGTGCTGCATTTCAAACTGGAAGTCTAGAGTGCAGGAGAGGAGAGTGGAATTCCTAGTGTAGCGGTGAAATGCGTAGAGATTAGGAAGAACACCAGTGGCGAAGGCGACTCTCTGGACTGTAACTGACGCTGAGGCTCGAAAGCGTGGGGAGCAAACAGG,Bacteria,Firmicutes,Clostridia,Clostridiales,Clostridiaceae,Clostridium_sensu_stricto_1,,Bacteria*Firmicutes*Clostridia*Clostridiales*Clostridiaceae*Clostridium_sensu_stricto_1*_,1256.3819917418045,-2.8897154008775816e-06,4.549242526204104e-05,-0.06352080339160913,0.9494911162568171,0.9930777837826986,0,91,False
TACGTAGGTGGCGAGCGTTGTCCGGATTTACTGGGCGTAAAGGGAGCGTAGGCGGATTTTTAAGTGAGATGTGAAATACTCGGGCTTAACCTGAGTGCTGCATTTCAAACTGGAAGTCTAGAGTGCAGGAGAGGAGAAGGGAATTCCTAGTGTAGCGGTGAAATGCGTAGAGATTAGGAAGAACACCAGTGGCGAAGGCGCTTCTCTGGACTGTAACTGACGCTGAGGCTCGAAAGCGTGGGGAGCAAACAGG,Bacteria,Firmicutes,Clostridia,Clostridiales,Clostridiaceae,Clostridium_sensu_stricto_1,,Bacteria*Firmicutes*Clostridia*Clostridiales*Clostridiaceae*Clostridium_sensu_stricto_1*_,1260.3012174849146,0.0013845884381702158,0.002485343306496488,0.5571014815341658,0.5788257725891583,0.9539541331513363,0,91,False
TACGTAGGTGGCGAGCGTTGTCCGGATTTACTGGGTGTAAAGGGCGTGTAGGCGGGACTGCAAGTCAGATGTGAAATACCGGGGCTTAACCCCGGGGCTGCATTTGAAACTGCGGTTCTTGAGTGCGGGAGAGGAAAGCGGAATTCCTAGTGTAGCGGTGAAATGCGTAGATATTAGGAGGAACACCGGTGGCGAAGGCGGCTTTCTGGACCGTAACTGACGCTGAGGCGCGAAAGCGTGGGTAGCAAACAGG,Bacteria,Firmicutes,Clostridia,Monoglobales,Monoglobaceae,Monoglobus,,Bacteria*Firmicutes*Clostridia*Monoglobales*Monoglobaceae*Monoglobus*_,1256.395839849378,6.197120513761292e-06,5.2322377933253125e-05,0.11844110987590942,0.9059792103301866,0.9930777837826986,0,91,False
TACGTAGGTGGCGAGCGTTGTTCGGATTCATTGGGCGTAAAGGGTCCGCAGGTGGTCTGATAAGTCTGACGTGAAATACCGGAGCTCAACTCCGGAACTGCGTTGGAGACTGTTGGACTTGAGTATCGGAGAGGAAATTGGAATTCCAGGTGTAGCGGTGGAATGCGTAGATATCTGGAAGAACATCGAAAGCGAAGGCAGATTTCTGGACGATAACTGACACTCAGGGACGAAAGCATGGGGAGCAAACAGG,Bacteria,Verrucomicrobiota,Lentisphaeria,Victivallales,vadinBE97,,,Bacteria*Verrucomicrobiota*Lentisphaeria*Victivallales*vadinBE97*_*_,1256.7690423028046,-0.0004240219410916261,0.0003216835363357971,-1.3181337967169093,0.19076723957298813,0.8826670779283483,0,91,False
TACGTAGGTGGCGAGCGTTGTTCGGATTTATTGGGCGTAAAGGGTCTGTAGGAGGTTCGTTAAATACGAGGTGAAATCCCGAAGCTCAACTTCGGAACTGCCTTGTAGACTGACGGACTAGAGTACCGGAGAGGTAAGCGGAATACCAGGTGTAGCGGTGGAATGCGTAGATATCTGGTAGAACACCAATAGCGAAGGCAGCTTGCTGGACGGAAACTGACTCTGAAAGACGAAAGCATGGGGAGCAAACAGG,Bacteria,Verrucomicrobiota,Lentisphaeria,Victivallales,Victivallaceae,Victivallis,,Bacteria*Verrucomicrobiota*Lentisphaeria*Victivallales*Victivallaceae*Victivallis*_,1256.5178378957805,0.00027889605231409505,0.0001921366032361267,1.4515508633789322,0.15006539940946914,0.8826670779283483,0,91,False
TACGTAGGTTGCAAGCGTTGTCCGGAATTACTGGGTGTAAAGGGCGTGTAGGCGGAGCTGCAAGTCAGATGTGAAATCCCGGGGCTCAACCCCGGAACTGCATTTGAAACTGTAGCCCTTGAGTATCGGAGAGGCAAGCGGAATTCCTAGTGTAGCGGTGAAATGCGTAGATATTAGGAGGAACACCAGTGGCGAAGGCGGCTTGCTGGACGACAACTGACGCTGAGGCGCGAAAGCGTGGGGAGCAAACAGG,Bacteria,Firmicutes,Clostridia,Oscillospirales,Oscillospiraceae,UCG-005,,Bacteria*Firmicutes*Clostridia*Oscillospirales*Oscillospiraceae*UCG-005*_,1256.7094574123519,-0.0002850862486801746,0.00020375235346639788,-1.399180150953152,0.16515835371931223,0.8826670779283483,0,91,False
TACGTAGGTTGCAAGCGTTGTCCGGATTTACTGGGTGTAAAGGGCGTGTAGGCGGAACTGCAAGTCAGATGTGAAATCCTGGGGCTCAACCCCGGAACTGCATTTGAAACTGTAGTCCTTGAGTATCGGAGAGGCAAGCGGAATTCCTAGTGTAGCGGTGAAATGCGTAGATATTAGGAGGAACACCAGTGGCGAAGGCGGCTTGCTGGACGACAACTGACGCTGAGGCGCGAAAGCGTGGGGAGCAAACAGG,Bacteria,Firmicutes,Clostridia,Oscillospirales,Oscillospiraceae,UCG-005,,Bacteria*Firmicutes*Clostridia*Oscillospirales*Oscillospiraceae*UCG-005*_,1256.3819917418045,-2.8897154008775816e-06,4.549242526204104e-05,-0.06352080339160913,0.9494911162568171,0.9930777837826986,0,91,False
TACGTAGGTTGCAAGCGTTGTCCGGATTTACTGGGTGTAAAGGGCGTGTAGGCGGAGATGCAAGTTGGGAGTGAAATCCATGGGCTCAACCCATGAACTGCTCTCAAAACTGTATCCCTTGAGTATCGGAGAGGCAAGCGGAATTCCTAGTGTAGCGGTGAAATGCGTAGATATTAGGAGGAACACCAGTGGCGAAGGCGGCTTGCTGGACGACAACTGACGCTGAGGCGCGAAAGCGTGGGGAGCAAACAGG,Bacteria,Firmicutes,Clostridia,Oscillospirales,Oscillospiraceae,UCG-005,,Bacteria*Firmicutes*Clostridia*Oscillospirales*Oscillospiraceae*UCG-005*_,1262.3384592823745,-0.0026570451218661494,0.0019052132602439434,-1.3946182179762603,0.16652621756662758,0.8826670779283483,0,91,False
TACGTATGGAGCAAGCGTTATCCGGATTTACTGGGTGTAAAGGGAGCGTAGACGGCTTAGCAAGTCTGATGTGAAAGGCTGGGGCTCAACCCCGGGACTGCATTGGAAACTGTTAAGCTAGAGTGCCGGAGAGGTAAGCGGAATTCCTAGTGTAGCGGTGAAATGCGTAGATATTAGGAGGAACACCAGTGGCGAAGGCGGCTTACTGGACGGTAACTGACGTTGAGGCTCGAAAGCGTGGGGAGCAAACAGG,Bacteria,Firmicutes,Clostridia,Lachnospirales,Lachnospiraceae,,,Bacteria*Firmicutes*Clostridia*Lachnospirales*Lachnospiraceae*_*_,1256.3819917418045,4.889946088186344e-05,5.971874559157856e-05,0.818829337379102,0.4150229942927637,0.9539541331513363,0,91,False
TACGTATGGAGCAAGCGTTATCCGGATTTACTGGGTGTAAAGGGAGCGTAGACGGTTGTGCAAGTCTGATGTGAAATTCCAGGGCTTAACCCTGGACCTGCATTGGAAACTGTATAACTAGAGTGTCGGAGAGGTGAGTGGAATTCCTAGTGTAGCGGTGAAATGCGTAGATATTAGGAGGAACACCAGTGGCGAAGGCGGCTCACTGGACGATAACTGACGTTGAGGCTCGAAAGCGTGGGGAGCAAACAGG,Bacteria,Firmicutes,Clostridia,Lachnospirales,Lachnospiraceae,,,Bacteria*Firmicutes*Clostridia*Lachnospirales*Lachnospiraceae*_*_,1256.3936566444704,0.00020496624991578804,0.0001604896555095826,1.2771305992587778,0.2048051748475633,0.8826670779283483,0,91,False
TACGTATGGAGCAAGCGTTATCCGGATTTACTGGGTGTAAAGGGAGCGTAGGCGGCGGGGCAAGTCTGATGTGAAAACCCGGGGCTCAACCCCGGGACTGCATTGGAAACTGTCCTGCTAGAGTGTCGGAGGGGTAAGTGGAATTCCTAGTGTAGCGGTGAAATGCGTAGATATTAGGAGGAACACCGGTGGCGAAGGCGGCTTACTGGACGACAACTGACGCTGAGGCTCGAAAGCGTGGGGAGCAAACAGG,Bacteria,Firmicutes,Clostridia,Lachnospirales,Lachnospiraceae,Shuttleworthia,,Bacteria*Firmicutes*Clostridia*Lachnospirales*Lachnospiraceae*Shuttleworthia*_,1256.3819917418045,7.612055878224595e-06,4.687997901552772e-05,0.16237327827521655,0.8713719218406323,0.9930777837826986,0,91,False
TACGTATGGAGCAAGCGTTATCCGGATTTACTGGGTGTAAAGGGAGCGTAGGCGGTCCTGCAAGTCTGATGTGAAAACCCGGGGCTCAACCCCGGGACTGCATTGGAAACTGTAGGACTAGAGTGTCGGAGGGGTAAGTGGAATTCCTAGTGTAGCGGTGAAATGCGTAGATATTAGGAGGAACACCAGTGGCGAAGGCGGCTTACTGGACGACCACTGACGCTGAGGCTCGAAAGCGTGGGGAGCAAACAGG,Bacteria,Firmicutes,Clostridia,Lachnospirales,Lachnospiraceae,Agathobacter,,Bacteria*Firmicutes*Clostridia*Lachnospirales*Lachnospiraceae*Agathobacter*_,1257.3155856646842,-0.0005605123657951492,0.0004307417461911297,-1.3012724463127316,0.19645023859090682,0.8826670779283483,0,91,False
TACGTATGGAGCAAGCGTTATCCGGATTTACTGGGTGTAAAGGGAGCGTAGGCGGTCCTGCAAGTCTGATGTGAAAGGCCGGGGCTCAACCCCGGGACTGCATTGGAAACTGTAGGACTAGAGTGTCGGAGGGGTAAGTGGAATTCCTAGTGTAGCGGTGAAATGCGTAGATATTAGGAGGAACACCAGTGGCGAAGGCGGCTTACTGGACGACTACTGACGCTGAGGCTCGAAAGCGTGGGGAGCAAACAGG,Bacteria,Firmicutes,Clostridia,Lachnospirales,Lachnospiraceae,Agathobacter,,Bacteria*Firmicutes*Clostridia*Lachnospirales*Lachnospiraceae*Agathobacter*_,1260.3802835341312,-0.0007115710888665216,0.0011682294474125844,-0.6091021677655207,0.5439743890014779,0.9539541331513363,0,91,False
TACGTATGGAGCAAGCGTTATCCGGATTTACTGGGTGTAAAGGGAGCGTAGGCGGTCTTATAAGTCTGATGTGAAAGCCCGGGGCTCAACCCCGGGACTGCATTGGAAACTGTAGGACTAGAGTGTCGGAGGGGTAAGTGGAATTCCTAGTGTAGCGGTGAAATGCGTAGATATTAGGAGGAACACCAGTGGCGAAGGCGGCTTACTGGACGATTACTGACGCTGAGGCTCGAAAGCGTGGGGAGCAAACAGG,Bacteria,Firmicutes,Clostridia,Lachnospirales,Lachnospiraceae,Shuttleworthia,,Bacteria*Firmicutes*Clostridia*Lachnospirales*Lachnospiraceae*Shuttleworthia*_,1256.479614711402,0.0003367489945538851,0.0005181797865717186,0.6498690286277259,0.5174139927901737,0.9539541331513363,0,91,False
TACGTATGGAGCAAGCGTTATCCGGATTTACTGGGTGTAAAGGGAGCGTAGGCGGTTATGCAAGTCAGATGTGAAAGCCCGGGGCTTAACCCCGGGACTGCATTTGAAACTGTGTAACTAGAGTGTCGGAGAGGTAAGTGGAATTCCTAGTGTAGCGGTGAAATGCGTAGATATTAGGAGGAACACCAGTGGCGAAGGCGGCTTACTGGACGATAACTGACGCTGAGGCTCGAAAGCGTGGGGAGCAAACAGG,Bacteria,Firmicutes,Clostridia,Lachnospirales,Lachnospiraceae,GCA-900066755,,Bacteria*Firmicutes*Clostridia*Lachnospirales*Lachnospiraceae*GCA-900066755*_,1256.3819917418045,3.3641154335164927e-05,4.9708834357218724e-05,0.6767640957623774,0.5002723330940448,0.9539541331513363,0,91,False
TACGTATGGAGCAAGCGTTATCCGGATTTACTGGGTGTAAAGGGAGTGTAGGCGGCATGGCAAGTCTGATGTGAAAATCCGGGGCTTAACCCCGGACCTGCATTGGAAACTGTCAGGCTGGAGTGTCGGAGAGGTAAGTGGAATTCCTAGTGTAGCGGTGAAATGCGTAGATATTAGGAGGAACACCAGTGGCGAAGGCGGCTTACTGGACGACAACTGACGCTGAGGCTCGAAAGCGTGGGGAGCAAACAGG,Bacteria,Firmicutes,Clostridia,Lachnospirales,Lachnospiraceae,Shuttleworthia,,Bacteria*Firmicutes*Clostridia*Lachnospirales*Lachnospiraceae*Shuttleworthia*_,1256.5691743086059,-2.7611666242936136e-05,0.00011895560293234834,-0.23211740819504958,0.8169680291559367,0.9930777837826986,0,91,False
TACGTATGGAGCAAGCGTTATCCGGATTTACTGGGTGTAAAGGGAGTGTAGGTGGCATCACAAGTCAGAAGTGAAAGCCCGGGGCTCAACCCCGGGACTGCTTTTGAAACTGTGGAGCTGGAGTGCAGGAGAGGCAAGTGGAATTCCTAGTGTAGCGGTGAAATGCGTAGATATTAGGAGGAACACCAGTGGCGAAGGCGGCTTGCTGGACTGTAACTGACACTGAGGCTCGAAAGCGTGGGGAGCAAACAGG,Bacteria,Firmicutes,Clostridia,Lachnospirales,Lachnospiraceae,Lachnospira,pectinoschiza,Bacteria*Firmicutes*Clostridia*Lachnospirales*Lachnospiraceae*Lachnospira*pectinoschiza,1265.542335125716,-0.00144416782928978,0.0037794067561433453,-0.38211495149134606,0.7032670174949223,0.9865618584646082,0,91,False
TACGTATGGAGCAAGCGTTATCCGGATTTACTGGGTGTAAAGGGAGTGTAGGTGGCCAGGCAAGTCAGAAGTGAAAGCCCGGGGCTCAACCCCAGGACTGCTTTTGAAACTGCAGGGCTAGAGTGCAGGAGGGGCAAGTGGAATTCCTAGTGTAGCGGTGAAATGCGTAGATATTAGGAGGAACACCAGTGGCGAAGGCGGCTTGCTGGACTGTAACTGACACTGAGGCTCGAAAGCGTGGGGAGCAAACAGG,Bacteria,Firmicutes,Clostridia,Lachnospirales,Lachnospiraceae,Lachnospira,,Bacteria*Firmicutes*Clostridia*Lachnospirales*Lachnospiraceae*Lachnospira*_,1256.3819917418045,-2.8897154008775816e-06,4.549242526204104e-05,-0.06352080339160913,0.9494911162568171,0.9930777837826986,0,91,False
TACGTATGGAGCAAGCGTTATCCGGATTTACTGGGTGTAAAGGGAGTGTAGGTGGCCAGGCAAGTCAGAAGTGAAAGCCCGGGGCTCAACCCCGGGACTGCTTTTGAAACTGCAGGGCTAGAGTGCAGGAGGGGCAAGTGGAATTCCTAGTGTAGCGGTGAAATGCGTAGATATTAGGAGGAACACCAGTGGCGAAGGCGGCTTGCTGGACTGTAACTGACACTGAGGCTCGAAAGCGTGGGGAGCAAACAGG,Bacteria,Firmicutes,Clostridia,Lachnospirales,Lachnospiraceae,Lachnospira,pectinoschiza,Bacteria*Firmicutes*Clostridia*Lachnospirales*Lachnospiraceae*Lachnospira*pectinoschiza,1274.5508435275474,0.0034109622529979173,0.006502782739878158,0.5245388611986487,0.6011792556686251,0.9598764883716622,0,91,False
TACGTATGGAGCAAGCGTTATCCGGATTTACTGGGTGTAAAGGGAGTGTAGGTGGCCATGCAAGTCAGAAGTGAAAATCCGGGGCTCAACCCCGGAACTGCTTTTGAAACTGTAAGGCTAGAGTGCAGGAGGGGTGAGTGGAATTCCTAGTGTAGCGGTGAAATGCGTAGATATTAGGAGGAACACCAGTGGCGAAGGCGGCTCACTGGACTGTAACTGACACTGAGGCTCGAAAGCGTGGGGAGCAAACAGG,Bacteria,Firmicutes,Clostridia,Lachnospirales,Lachnospiraceae,Lachnospira,,Bacteria*Firmicutes*Clostridia*Lachnospirales*Lachnospiraceae*Lachnospira*_,1270.9584725868597,-0.0006616868036760557,0.005522779388039742,-0.11981047171810263,0.9048974027745476,0.9930777837826986,0,91,False
TACGTATGGAGCAAGCGTTATCCGGATTTACTGGGTGTAAAGGGAGTGTAGGTGGCCATGCAAGTCAGAAGTGAAAATCCGGGGCTCAACCCCGGAACTGCTTTTGAAACTGTAAGGCTGGAGTGCAGGAGGGGTGAGTGGAATTCCTAGTGTAGCGGTGAAATGCGTAGATATTAGGAGGAACACCAGTGGCGAAGGCGGCTCACTGGACTGTAACTGACACTGAGGCTCGAAAGCGTGGGGAGCAAACAGG,Bacteria,Firmicutes,Clostridia,Lachnospirales,Lachnospiraceae,Lachnospira,,Bacteria*Firmicutes*Clostridia*Lachnospirales*Lachnospiraceae*Lachnospira*_,1270.4772614138035,-0.0020765921989414943,0.0058183646930892825,-0.3569030661498325,0.721990660795502,0.9886333883312699,0,91,False
TACGTATGGAGCAAGCGTTATCCGGATTTACTGGGTGTAAAGGGAGTGTAGGTGGCCATGCAAGTCAGAAGTGAAAATCCGGGGCTCAACCCCGGAACTGCTTTTGAAACTGTGAGGCTAGAGTGCAGGAGGGGTGAGTGGAATTCCTAGTGTAGCGGTGAAATGCGTAGATATTAGGAGGAACACCAGTGGCGAAGGCGGCTCACTGGACTGTAACTGACACTGAGGCTCGAAAGCGTGGGGAGCAAACAGG,Bacteria,Firmicutes,Clostridia,Lachnospirales,Lachnospiraceae,Lachnospira,,Bacteria*Firmicutes*Clostridia*Lachnospirales*Lachnospiraceae*Lachnospira*_,1256.3819917418045,0.0009880737710284448,0.0008495426861589137,1.1630654787882169,0.24784375336175302,0.8853818901235723,0,91,False
TACGTATGGAGCAAGCGTTATCCGGATTTACTGGGTGTAAAGGGAGTGTAGGTGGCCATGCAAGTCAGAAGTGAAAATCCGGGGCTCAACCCCGGAACTGCTTTTGAAACTGTGAGGCTGGAGTGCAGGAGGGGTGAGTGGAATTCCTAGTGTAGCGGTGAAATGCGTAGATATTAGGAGGAACACCAGTGGCGAAGGCGGCTCACTGGACTGTAACTGACACTGAGGCTCGAAAGCGTGGGGAGCAAACAGG,Bacteria,Firmicutes,Clostridia,Lachnospirales,Lachnospiraceae,Lachnospira,,Bacteria*Firmicutes*Clostridia*Lachnospirales*Lachnospiraceae*Lachnospira*_,1256.3819917418045,0.0013392059769056716,0.0011679635372329692,1.1466162548861705,0.2545462466991382,0.8853818901235723,0,91,False
TACGTATGGAGCAAGCGTTATCCGGATTTACTGGGTGTAAAGGGAGTGTAGGTGGTATCACAAGTCAGAAGTGAAAGCCCGGGGCTCAACCCCGGGACTGCTTTTGAAACTGTGGAACTGGAGTGCAGGAGAGGTAAGTGGAATTCCTAGTGTAGCGGTGAAATGCGTAGATATTAGGAGGAACACCAGTGGCGAAGGCGGCTTACTGGACTGTAACTGACACTGAGGCTCGAAAGCGTGGGGAGCAAACAGG,Bacteria,Firmicutes,Clostridia,Lachnospirales,Lachnospiraceae,Lachnospira,,Bacteria*Firmicutes*Clostridia*Lachnospirales*Lachnospiraceae*Lachnospira*_,1260.78960111953,-0.004108767831873785,0.001564507833076372,-2.6262366637017753,0.010129170745889616,0.75962931211253,0,91,False
TACGTATGGAGCAAGCGTTATCCGGATTTACTGGGTGTAAAGGGAGTGTAGGTGGTCATGCAAGTCAGAAGTGAAAATCCGGGGCTCAACCCCGGAACTGCTTTTGAAACTGTAAGGCTAGAGTGCAGGAGGGGTGAGTGGAATTCCTAGTGTAGCGGTGAAATGCGTAGATATTAGGAGGAACACCAGTGGCGAAGGCGGCTCACTGGACTGTAACTGACACTGAGGCTCGAAAGCGTGGGGAGCAAACAGG,Bacteria,Firmicutes,Clostridia,Lachnospirales,Lachnospiraceae,Lachnospira,,Bacteria*Firmicutes*Clostridia*Lachnospirales*Lachnospiraceae*Lachnospira*_,1256.3819917418045,0.0003383045711050867,0.0004708014209114216,0.7185716866575401,0.4742458706785293,0.9539541331513363,0,91,False
TACGTATGGAGCAAGCGTTATCCGGATTTACTGGGTGTAAAGGGTGCGTAGGCGGCAAGGCAAGTCAGATGTGAAAGACCGGGGCTCAACTCCGGGGCTGCATTTGAAACTGTTTTGCTGGAGTCCAGGAGAGGCAGGCGGAATTCCTAGTGTAGCGGTGAAATGCGTAGATATTAGGAGGAACACCAGTGGCGAAGGCGGCCTGCTGGACTGGTACTGACGCTGAGGCACGAAAGCGTGGGGAGCAAACAGG,Bacteria,Firmicutes,Clostridia,Lachnospirales,Lachnospiraceae,,,Bacteria*Firmicutes*Clostridia*Lachnospirales*Lachnospiraceae*_*_,1256.3819917418045,2.4857646676653534e-05,5.678747472817929e-05,0.43773115102648824,0.6626183911934105,0.9706987547576728,0,91,False
TACGTATGGAGCAAGCGTTATCCGGATTTACTGGGTGTAAAGGGTGCGTAGGTGGCAGTGCAAGTCAGATGTGAAAGGCCGGGGCTCAACCCCGGAGCTGCATTTGAAACTGCATAGCTAGAGTACAGGAGAGGCAGGCGGAATTCCTAGTGTAGCGGTGAAATGCGTAGATATTAGGAGGAACACCAGTGGCGAAGGCGGCCTGCTGGACTGTTACTGACACTGAGGCACGAAAGCGTGGGGAGCAAACAGG,Bacteria,Firmicutes,Clostridia,Lachnospirales,Lachnospiraceae,,,Bacteria*Firmicutes*Clostridia*Lachnospirales*Lachnospiraceae*_*_,1265.6218340989133,-0.0013882385911092238,0.0019806913508765836,-0.7008858752752359,0.4851625826069027,0.9539541331513363,0,91,False
TACGTATGGAGCAAGCGTTATCCGGATTTACTGGGTGTAAAGGGTGCGTAGGTGGCAGTGCAAGTCAGATGTGAAAGGCCGGGGCTCAACCCCGGAGCTGCATTTGAAACTGCATAGCTGGAGTACAGGAGAGGCAGGCGGAATTCCTAGTGTAGCGGTGAAATGCGTAGATATTAGGAGGAACACCAGTGGCGAAGGCGGCCTGCTGGACTGTTACTGACACTGAGGCACGAAAGCGTGGGGAGCAAACAGG,Bacteria,Firmicutes,Clostridia,Lachnospirales,Lachnospiraceae,,,Bacteria*Firmicutes*Clostridia*Lachnospirales*Lachnospiraceae*_*_,1258.503619353306,0.0002957086080097799,0.0009975338837699397,0.2964396626731317,0.7675698405331075,0.9930777837826986,0,91,False
TACGTATGGAGCAAGCGTTATCCGGATTTACTGGGTGTAAAGGGTGCGTAGGTGGCAGTGCAAGTCAGATGTGAAAGGCCGGGGCTCAACCCCGGAGCTGCATTTGAAACTGCGCGGCTAGAGTACAGGAGAGGCAGGCGGAATTCCTAGTGTAGCGGTGAAATGCGTAGATATTAGGAGGAACACCAGTGGCGAAGGCGGCCTGCTGGACTGTTACTGACACTGAGGCACGAAAGCGTGGGGAGCAAACAGG,Bacteria,Firmicutes,Clostridia,Lachnospirales,Lachnospiraceae,,,Bacteria*Firmicutes*Clostridia*Lachnospirales*Lachnospiraceae*_*_,1256.7725354689487,-0.0002473891864065643,0.00030356432233789274,-0.8149481615668894,0.4172297204585498,0.9539541331513363,0,91,False
TACGTATGGAGCAAGCGTTATCCGGATTTACTGGGTGTAAAGGGTGCGTAGGTGGCAGTGCAAGTCAGATGTGAAAGGCCGGGGCTCAACCCCGGAGCTGCATTTGAAACTGCTCGGCTAGAGTACAGGAGAGGCAGGCGGAATTCCTAGTGTAGCGGTGAAATGCGTAGATATTAGGAGGAACACCAGTGGCGAAGGCGGCCTGCTGGACTGTTACTGACACTGAGGCACGAAAGCGTGGGGAGCAAACAGG,Bacteria,Firmicutes,Clostridia,Lachnospirales,Lachnospiraceae,,,Bacteria*Firmicutes*Clostridia*Lachnospirales*Lachnospiraceae*_*_,1273.9867787273097,-0.001971025530407834,0.0034252934661742757,-0.5754326015777212,0.5664189561206509,0.9539541331513363,0,91,False
TACGTATGGAGCAAGCGTTATCCGGATTTACTGGGTGTAAAGGGTGCGTAGGTGGCAGTGCAAGTCAGATGTGAAAGGCCGGGGCTCAACCCCGGAGCTGCATTTGAAACTGCTCGGCTAGAGTACAGGAGAGGCAGGCGGAATTCCTAGTGTAGCGGTGAAATGCGTAGATATTAGGAGGAACACCAGTGGCGAAGGCGGCTTGCTGGACTGTTACTGACACTGAGGCACGAAAGCGTGGGGAGCAAACAGG,Bacteria,Firmicutes,Clostridia,Lachnospirales,Lachnospiraceae,,,Bacteria*Firmicutes*Clostridia*Lachnospirales*Lachnospiraceae*_*_,1256.8826636478777,-0.0005776933947588382,0.0003095186156402493,-1.8664253636695187,0.06520238000234703,0.8826670779283483,0,91,False
TACGTATGGAGCAAGCGTTATCCGGATTTATTGGGCGTAAAGCGCGCGTAGGCGGCTTGTTAAGCAAGGTCTTAAATCTTGGGGCTCAACCTCAAGCCGGATCTTGAACTGGCAGGCTCGAGTATGGTAGAGGAAAGTGGAATTCCCAGTGTAGCGGTGGAATGCGCAGATATTGGGAAGAACACCGATGGCGAAGGCAGCTTTCTGGGCCATTACTGACGCTGAGGTGCGAAAGCTAGGGGAGCAAACAGG,Bacteria,Actinobacteriota,Coriobacteriia,Coriobacteriales,Coriobacteriales_Incertae_Sedis,,,Bacteria*Actinobacteriota*Coriobacteriia*Coriobacteriales*Coriobacteriales_Incertae_Sedis*_*_,1256.5636829822363,9.44689127861609e-05,0.00016566506854764202,0.5702403869104941,0.5699199453784685,0.9539541331513363,0,91,False
TACGTATGGAGCGAGCGTTGTCCGGAATTATTGGGCGTAAAGGGTACGCAGGCGGTTTAATAAGTCGAATGTTAAAGATCGGGGCTCAACCCCGTAAAGCATTGGAAACTGATAAACTTGAGTAGTGGAGAGGAAAGTGGAATTCCTAGTGTAGTGGTGAAATACGTAGATATTAGGAGGAATACCAGTAGCGAAGGCGACTTTCTGGACACAAACTGACGCTGAGGTACGAAAGCGTGGGGAGCAAACAGG,Bacteria,Firmicutes,Clostridia,Peptostreptococcales-Tissierellales,Peptostreptococcales-Tissierellales_fa,Finegoldia,,Bacteria*Firmicutes*Clostridia*Peptostreptococcales-Tissierellales*Peptostreptococcales-Tissierellales_fa*Finegoldia*_,1256.3819917418045,4.013375580992661e-06,4.6379925538935624e-05,0.08653260078271278,0.9312331599822583,0.9930777837826986,0,91,False
TACGTATGGAGCGAGCGTTGTCCGGAATTATTGGGCGTAAAGGGTGCGCAGGCGGCTTTACAAGTTGGATGTGAAATATTGTGGCTCAACCACAAACGTGCATCCAAAACTGCAAAGCTTGAGTTAAGGAGAGGTAAGTGGAATTCCTGGTGTAGCGGTGGAATGCGTAGATATCAGGAGGAATACCGGTGGCGAAGGCGACTTACTGGACTTAAACTGACGCTCAGGCACGAAAGCGTGGGGAGCAAACAGG,Bacteria,Firmicutes,Clostridia,Peptostreptococcales-Tissierellales,Peptostreptococcales-Tissierellales_fa,Ezakiella,,Bacteria*Firmicutes*Clostridia*Peptostreptococcales-Tissierellales*Peptostreptococcales-Tissierellales_fa*Ezakiella*_,1256.3925435886633,6.9235032508098e-06,5.282266754658752e-05,0.13107068560487867,0.8960087243957816,0.9930777837826986,0,91,False
TACGTATGGGGCAAGCGTTATCCGGATTTACTGGGTGTAAAGGGAGCGTAGGCGGCATGGCAAGTCAGAAGTGAAAGCCTGGGGCTCAACCCCGGAATTGCTTTTGAAACTGTCAGGCTAGAGTGTCGGAGGGGTAAGCGGAATTCCTAGTGTAGCGGTGAAATGCGTAGATATTAGGAGGAACACCGGTGGCGAAGGCGGCTTACTGGACGATTACTGACGCTGAGGCTCGAAAGCGTGGGGAGCAAACAGG,Bacteria,Firmicutes,Clostridia,Lachnospirales,Lachnospiraceae,,,Bacteria*Firmicutes*Clostridia*Lachnospirales*Lachnospiraceae*_*_,1261.5479458216128,-0.0011986127430158723,0.001365990438794135,-0.8774678862862174,0.3825432976066492,0.9406996616723681,0,91,False
TACGTATGGGGCAAGCGTTATCCGGATTTACTGGGTGTAAAGGGAGCGTAGGCGGTAAGACAAGTCAGAAGTGAAAGGCTGGGGCTCAACCCTGGGACTGCTTTTGAAACTGTCTAACTAGAGTGCAGGAGAGGTAAGTGGAATTCCTAGTGTAGCGGTGAAATGCGTAGATATTAGGAGGAACACCAGTGGCGAAGGCGGCTTACTGGACTGTAACTGACGCTGAGGCTCGAAAGCGTGGGGAGCAAACAGG,Bacteria,Firmicutes,Clostridia,Lachnospirales,Lachnospiraceae,,,Bacteria*Firmicutes*Clostridia*Lachnospirales*Lachnospiraceae*_*_,1258.9134921290815,0.00024656184623081753,0.0014238341188249728,0.17316753614128455,0.8629043389800819,0.9930777837826986,0,91,False
TACGTATGGGGCAAGCGTTATCCGGATTTACTGGGTGTAAAGGGAGCGTAGGCGGTACGGCAAGTCAGAAGTGAAAGCCTGGGGCTCAACCCCGGAATTGCTTTTGAAACTGTCGAACTAGAGTGTCGGAGGGGTAAGCGGAATTCCTAGTGTAGCGGTGAAATGCGTAGATATTAGGAGGAACACCGGTGGCGAAGGCGGCTTACTGGACGATTACTGACGCTGAGGCTCGAAAGCGTGGGGAGCAAACAGG,Bacteria,Firmicutes,Clostridia,Lachnospirales,Lachnospiraceae,,,Bacteria*Firmicutes*Clostridia*Lachnospirales*Lachnospiraceae*_*_,1256.3819917418045,-2.8897154008775816e-06,4.549242526204104e-05,-0.06352080339160913,0.9494911162568171,0.9930777837826986,0,91,False
TACGTATGGGGCAAGCGTTATCCGGATTTACTGGGTGTAAAGGGAGCGTAGGCGGTATGGCAAGTCAGAAGTGAAAGCCTGGGGCTCAACCCCGGAATTGCTTTTGAAACTGTCAAACTAGAGTGTCGGAGGGGTAAGCGGAATTCCTAGTGTAGCGGTGAAATGCGTAGATATTAGGAGGAACACCGGTGGCGAAGGCGGCTTACTGGACGACCACTGACGCTGAGGCTCGAAAGCGTGGGGAGCAAACAGG,Bacteria,Firmicutes,Clostridia,Lachnospirales,Lachnospiraceae,,,Bacteria*Firmicutes*Clostridia*Lachnospirales*Lachnospiraceae*_*_,1256.691572707386,5.7376308926912196e-05,0.0002468183219640676,0.23246373474358673,0.8166998713304672,0.9930777837826986,0,91,False
TACGTATGGGGCAAGCGTTATCCGGATTTACTGGGTGTAAAGGGAGTGTAGGCGGCAGTACAAGTCAGGAGTGAAAACTTGGGGCTCAACCCCAAGACTGCTTTTGAAACTGTACAGCTAGAGTGTAGGAAGGGCAAGCGGAATTCCTGGTGTAGCGGTGAAATGCGTAGATATCAGGAAGAACACCGGTGGCGAAGGCGGCTTGCTGGACTATAACTGACGCTGAGACTCGAAAGCGTGGGGAGCGAACAGG,Bacteria,Firmicutes,Clostridia,Lachnospirales,Lachnospiraceae,Howardella,ureilytica,Bacteria*Firmicutes*Clostridia*Lachnospirales*Lachnospiraceae*Howardella*ureilytica,1257.0617036086296,-0.000498690853076311,0.000218012441017105,-2.2874421787570567,0.02448782258300478,0.75962931211253,0,91,False
TACGTATGGGGCGAGCGTTATCCGGATTCATTGGGCGTAAAGCGCGCGTAGGCGGAGCGCTAAGCGGGACCTCTAACCCGAGGGCTCAACCCCCGGCCGGGTCCCGAACTGGCGCTCTCGAGTGCGGTAGGGGAGAGCGGAATTCCCGGTGTAGCGGTGGAATGCGCAGATATCGGGAAGAACACCGACGGCGAAGGCAGCTCTCTGGGCCGAAACTGACGCTGAGGCGCGAAAGCTGGGGGAGCGAACAGG,Bacteria,Actinobacteriota,Coriobacteriia,Coriobacteriales,Eggerthellaceae,Senegalimassilia,anaerobia,Bacteria*Actinobacteriota*Coriobacteriia*Coriobacteriales*Eggerthellaceae*Senegalimassilia*anaerobia,1256.4605651278182,1.9801710927701917e-05,7.418259466789053e-05,0.26693203461475795,0.7901254695659874,0.9930777837826986,0,91,False
TACGTATGGTGCAAGCGTTATCCGGAATCATTGGGCGTAAAGCGCGCGTAGGCGGCTTGTTAAGCAGGAATTTAAATCTTAGGGCTCAACCTTAAGTCGGTTCCTGAACTGGCAGGCTCGAGTGCGGTAGAGGAAGGTGGAATTCCCAGTGTAGCGGTGAAATGCGCAGATATTGGGAAGAACACCGATGGCGAAGGCAGCCTTCTGGGCCGCCACTGACGCTGAGGCGCGAAAGCTAGGGGAGCGAACAGG,Bacteria,Actinobacteriota,Coriobacteriia,Coriobacteriales,Coriobacteriales_Incertae_Sedis,,,Bacteria*Actinobacteriota*Coriobacteriia*Coriobacteriales*Coriobacteriales_Incertae_Sedis*_*_,1257.001522050161,-0.0001608045156105281,0.0006133452862250666,-0.2621761660552177,0.7937781984080508,0.9930777837826986,0,91,False
TACGTATGGTGCAAGCGTTATCCGGATTTACTGGGTGTAAAGGGAGCGCAGGCGGAAGGCTAAGTCTGATGTGAAAGCCCGGGGCTCAACCCCGGTACTGCATTGGAAACTGGTCATCTAGAGTGTCGGAGGGGTAAGTGGAATTCCTAGTGTAGCGGTGAAATGCGTAGATATTAGGAGGAACACCAGTGGCGAAGGCGGCTTACTGGACGATAACTGACGCTGAGGCTCGAAAGCGTGGGGAGCAAACAGG,Bacteria,Firmicutes,Clostridia,Lachnospirales,Lachnospiraceae,Roseburia,inulinivorans,Bacteria*Firmicutes*Clostridia*Lachnospirales*Lachnospiraceae*Roseburia*inulinivorans,1282.112453160734,-0.000275115413457293,0.007534049278625309,-0.03651627475251816,0.9709506870040061,0.9992408261115441,0,91,False
TACGTATGGTGCAAGCGTTATCCGGATTTACTGGGTGTAAAGGGAGCGCAGGCGGTACGGCAAGTCTGATGTGAAAGCCCGGGGCTCAACCCCGGTACTGCATTGGAAACTGTCGGACTAGAGTGTCGGAGGGGTAAGCGGAATTCCTAGTGTAGCGGTGAAATGCGTAGATATTAGGAGGAACACCAGTGGCGAAGGCGGCTTACTGGACGATTACTGACGCTGAGGCTCGAAAGCGTGGGGAGCAAACAGG,Bacteria,Firmicutes,Clostridia,Lachnospirales,Lachnospiraceae,Roseburia,,Bacteria*Firmicutes*Clostridia*Lachnospirales*Lachnospiraceae*Roseburia*_,1256.3819917418045,0.00019690601734977364,0.00016258609907194397,1.2110876543181173,0.22899763968278555,0.8853818901235723,0,91,False
TACGTATGGTGCAAGCGTTATCCGGATTTACTGGGTGTAAAGGGAGCGCAGGCGGTACGGCAAGTCTGATGTGAAAGCCCGGGGCTCAACCCCGGTACTGCATTGGAAACTGTCGGACTAGAGTGTCGGAGGGGTAAGTGGAATTCCTAGTGTAGCGGTGAAATGCGTAGATATTAGGAGGAACACCAGTGGCGAAGGCGGCTTACTGGACGATTACTGACGCTGAGGCTCGAAAGCGTGGGGAGCAAACAGG,Bacteria,Firmicutes,Clostridia,Lachnospirales,Lachnospiraceae,Roseburia,intestinalis,Bacteria*Firmicutes*Clostridia*Lachnospirales*Lachnospiraceae*Roseburia*intestinalis,1272.3905118783136,0.00439360244984624,0.008589349977336628,0.5115174560867761,0.6102277594258942,0.9598764883716622,0,91,False
TACGTATGGTGCAAGCGTTATCCGGATTTACTGGGTGTAAAGGGAGCGCAGGCGGTACGGCAAGTCTGATGTGAAATCCCGGGGCTCAACCCCGGTACTGCATTGGAAACTGTCGGACTAGAGTGTCGGAGGGGTAAGTGGAATTCCTAGTGTAGCGGTGAAATGCGTAGATATTAGGAGGAACACCAGTGGCGAAGGCGGCTTACTGGACGATTACTGACGCTGAGGCTCGAAAGCGTGGGGAGCAAACAGG,Bacteria,Firmicutes,Clostridia,Lachnospirales,Lachnospiraceae,Roseburia,hominis,Bacteria*Firmicutes*Clostridia*Lachnospirales*Lachnospiraceae*Roseburia*hominis,1260.345522855373,-0.0010489911263386388,0.0016583637873207862,-0.632545846911771,0.5286164744471167,0.9539541331513363,0,91,False
TACGTATGGTGCAAGCGTTATCCGGATTTACTGGGTGTAAAGGGAGCGCAGGCGGTCTGGCAAGTCTGATGTGAAAATCCGGGGCTCAACTCCGGAACTGCATTGGAAACTGTCAGACTAGAGTGTCGGAGAGGTAAGTGGAATTCCTAGTGTAGCGGTGAAATGCGTAGATATTAGGAGGAACACCAGTGGCGAAGGCGGCTTACTGGACGATAACTGACGCTGAGGCTCGAAAGCGTGGGGAGCAAACAGG,Bacteria,Firmicutes,Clostridia,Lachnospirales,Lachnospiraceae,Lachnospiraceae_UCG-001,bacterium,Bacteria*Firmicutes*Clostridia*Lachnospirales*Lachnospiraceae*Lachnospiraceae_UCG-001*bacterium,1259.1067428873039,-0.00023910346725674846,0.0016383329237392302,-0.1459431497665526,0.8842890698194306,0.9930777837826986,0,91,False
TACGTATGGTGCAAGCGTTATCCGGATTTACTGGGTGTAAAGGGAGCGCAGGCGGTGCGGCAAGTCTGATGTGAAAGCCCGGGGCTCAACCCCGGTACTGCATTGGAAACTGTCGTACTAGAGTGTCGGAGGGGTAAGCGGAATTCCTAGTGTAGCGGTGAAATGCGTAGATATTAGGAGGAACACCAGCGGCGAAGGCGGCTTACTGGACGATAACTGACGCTGAGGCTCGAAAGCGTGGGGAGCAAACAGG,Bacteria,Firmicutes,Clostridia,Lachnospirales,Lachnospiraceae,Agathobacter,,Bacteria*Firmicutes*Clostridia*Lachnospirales*Lachnospiraceae*Agathobacter*_,1256.3819917418045,0.0009866742530078008,0.0010633904084032333,0.9278570177150384,0.3559362611909961,0.9315211457591839,0,91,False
TACGTATGGTGCAAGCGTTATCCGGATTTACTGGGTGTAAAGGGAGCGCAGGCGGTGCGGCAAGTCTGATGTGAAAGCCCGGGGCTCAACCCCGGTACTGCATTGGAAACTGTCGTACTAGAGTGTCGGAGGGGTAAGCGGAATTCCTAGTGTAGCGGTGAAATGCGTAGATATTAGGAGGAACACCAGTGGCGAAGGCGGCTTACTGGACGATAACTGACGCTGAGGCTCGAAAGCGTGGGGAGCAAACAGG,Bacteria,Firmicutes,Clostridia,Lachnospirales,Lachnospiraceae,Agathobacter,,Bacteria*Firmicutes*Clostridia*Lachnospirales*Lachnospiraceae*Agathobacter*_,1315.7863322642613,0.007614542377606809,0.0175309274990625,0.4343490883761861,0.6650631266853577,0.9706987547576728,0,91,False
TACGTATGGTGCAAGCGTTATCCGGATTTACTGGGTGTAAAGGGAGCGCAGGCGGTGCGGCAAGTCTGATGTGAAAGCCCGGGGCTCAACCCCGGTACTGCATTGGAAACTGTCGTACTAGAGTGTCGGAGGGGTAAGCGGAATTCCTAGTGTAGCGGTGAAATGCGTAGATATTAGGAGGAACACCAGTGGCGAAGGCGGCTTGCTGGACGATAACTGACGCTGAGGCTCGAAAGCGTGGGGAGCAAACAGG,Bacteria,Firmicutes,Clostridia,Lachnospirales,Lachnospiraceae,Agathobacter,,Bacteria*Firmicutes*Clostridia*Lachnospirales*Lachnospiraceae*Agathobacter*_,1256.3819917418045,0.0003225087238240775,0.00045249593307125256,0.7127328673101985,0.4778346856409976,0.9539541331513363,0,91,False
TACGTATGGTGCAAGCGTTATCCGGATTTACTGGGTGTAAAGGGAGCGCAGGCGGTGCGGCAAGTCTGATGTGAAAGCCCGGGGCTCAACCCCGGTACTGCATTGGAAACTGTCGTACTAGAGTGTCGGAGGGGTAAGCGGAATTCCTAGTGTAGCGGTGAAATGCGTAGATATTAGGAGGAACACCAGTGGCGAAGGCGGTTTACTGGACGATAACTGACGCTGAGGCTCGAAAGCGTGGGGAGCAAACAGG,Bacteria,Firmicutes,Clostridia,Lachnospirales,Lachnospiraceae,Agathobacter,,Bacteria*Firmicutes*Clostridia*Lachnospirales*Lachnospiraceae*Agathobacter*_,1256.3819917418045,0.00016310660348796614,0.00023205288711746568,0.7028854737127284,0.48392141715408443,0.9539541331513363,0,91,False
TACGTATGGTGCAAGCGTTATCCGGATTTACTGGGTGTAAAGGGAGCGCAGGCGGTGCGGCAAGTCTGATGTGAAAGCCCGGGGCTCAACCCCGGTACTGCATTGGAAACTGTCGTACTAGAGTGTCGGAGGGGTAAGTGGAATTCCTAGTGTAGCGGTGAAATGCGTAGATATTAGGAGGAACACCAGTGGCGAAGGCGGCTTACTGGACGATAACTGACGCTGAGGCTCGAAAGCGTGGGGAGCAAACAGG,Bacteria,Firmicutes,Clostridia,Lachnospirales,Lachnospiraceae,Agathobacter,,Bacteria*Firmicutes*Clostridia*Lachnospirales*Lachnospiraceae*Agathobacter*_,1297.283554033524,0.0002103357688367436,0.013397662746530844,0.01569943749264829,0.9875085450855676,0.9999331984954238,0,91,False
TACGTATGGTGCAAGCGTTATCCGGATTTACTGGGTGTAAAGGGAGCGCAGGCGGTGCGGCAAGTCTGATGTGAAAGCCCGGGGCTCAACCTCGGTACTGCATTGGAAACTGTCGTACTAGAGTGTCGGAGGGGTAAGCGGAATTCCTAGTGTAGCGGTGAAATGCGTAGATATTAGGAGGAACACCAGTGGCGAAGGCGGCTTACTGGACGATAACTGACGCTGAGGCTCGAAAGCGTGGGGAGCAAACAGG,Bacteria,Firmicutes,Clostridia,Lachnospirales,Lachnospiraceae,Agathobacter,,Bacteria*Firmicutes*Clostridia*Lachnospirales*Lachnospiraceae*Agathobacter*_,1256.3819917418045,0.0014584228496467436,0.0013369593543642471,1.090850551952834,0.2782186095201919,0.8853818901235723,0,91,False
TACGTATGGTGCAAGCGTTATCCGGATTTACTGGGTGTAAAGGGAGCGCAGGCGGTTTGGCAAGTCTGATGTGAAAATCCGGGGCTCAACTCCGGAACTGCATTGGAAACTGTCAGACTAGAGTGTCGGAGAGGTAAGTGGAATTCCTAGTGTAGCGGTGAAATGCGTAGATATTAGGAGGAACACCAGTGGCGAAGGCGGCTTACTGGACGATAACTGACGCTGAGGCTCGAAAGCGTGGGGAGCAAACAGG,Bacteria,Firmicutes,Clostridia,Lachnospirales,Lachnospiraceae,,,Bacteria*Firmicutes*Clostridia*Lachnospirales*Lachnospiraceae*_*_,1257.1723670683932,-0.00053895259750977,0.0006547698395332437,-0.8231176284692118,0.4125929656938846,0.9539541331513363,0,91,False
TACGTATGGTGCAAGCGTTATCCGGATTTACTGGGTGTAAAGGGAGCGTAGACGGAGAGGCAAGTCTGAAGTGAAAGCCCGGGGCTCAACCCCGGGACTGCTTTGGAAACTGCAGTTCTAGAGTGCCGGAGAGGTAAGCGGAATTCCTAGTGTAGCGGTGAAATGCGTAGATATTAGGAGGAACACCAGTGGCGAAGGCGGCTTACTGGACGGTGACTGACGTTGAGGCTCGAAAGCGTGGGGAGCAAACAGG,Bacteria,Firmicutes,Clostridia,Lachnospirales,Lachnospiraceae,Sellimonas,,Bacteria*Firmicutes*Clostridia*Lachnospirales*Lachnospiraceae*Sellimonas*_,1256.3819917418045,1.273405318224305e-05,5.127320877948727e-05,0.24835686092924084,0.8044179139827309,0.9930777837826986,0,91,False
TACGTATGGTGCAAGCGTTATCCGGATTTACTGGGTGTAAAGGGAGCGTAGACGGAGAGGCAAGTCTGATGTGAAAACCCGGGGCTCAACCCCGGGACTGCATTGGAAACTGTTTTTCTAGAGTGTCGGAGAGGTAAGTGGAATTCCTAGTGTAGCGGTGAAATGCGTAGATATTAGGAGGAACACCAGTGGCGAAGGCGGCTTACTGGACGATGACTGACGTTGAGGCTCGAAAGCGTGGGGAGCAAACAGG,Bacteria,Firmicutes,Clostridia,Lachnospirales,Lachnospiraceae,,,Bacteria*Firmicutes*Clostridia*Lachnospirales*Lachnospiraceae*_*_,1256.8257458494822,0.00032954114431955965,0.0003840404670663232,0.8580896352848367,0.3930974356537781,0.9431683284555131,0,91,False
TACGTATGGTGCAAGCGTTATCCGGATTTACTGGGTGTAAAGGGAGCGTAGACGGAGTGGCAAGTCTGATGTGAAAACCCGGGGCTCAACCCCGGGACTGCATTGGAAACTGTCAATCTAGAGTACCGGAGAGGTAAGCGGAATTCCTAGTGTAGCGGTGAAATGCGTAGATATTAGGAGGAACACCAGTGGCGAAGGCGGCTTACTGGACGGTAACTGACGTTGAGGCTCGAAAGCGTGGGGAGCAAACAGG,Bacteria,Firmicutes,Clostridia,Lachnospirales,Lachnospiraceae,Agathobacter,,Bacteria*Firmicutes*Clostridia*Lachnospirales*Lachnospiraceae*Agathobacter*_,1265.8999999870186,0.006352698208656472,0.006551994823775372,0.9695822996691469,0.33482475251273547,0.9191142356560728,0,91,False
TACGTATGGTGCAAGCGTTATCCGGATTTACTGGGTGTAAAGGGAGCGTAGACGGAGTGGCAAGTCTGATGTGAAAACCCGGGGCTCAACCCCGGGACTGCATTGGAAACTGTCAATCTGGAGTACCGGAGAGGTAAGCGGAATTCCTAGTGTAGCGGTGAAATGCGTAGATATTAGGAGGAACACCAGTGGCGAAGGCGGCTTACTGGACGGTAACTGACGTTGAGGCTCGAAAGCGTGGGGAGCAAACAGG,Bacteria,Firmicutes,Clostridia,Lachnospirales,Lachnospiraceae,,,Bacteria*Firmicutes*Clostridia*Lachnospirales*Lachnospiraceae*_*_,1259.9912321912543,-0.0007981442921803517,0.0014180107640433218,-0.5628619418265344,0.5749130335400161,0.9539541331513363,0,91,False
TACGTATGGTGCAAGCGTTATCCGGATTTACTGGGTGTAAAGGGAGCGTAGACGGATAGGCAAGTCTGGAGTGAAAACCCAGGGCTCAACCCTGGGACTGCTTTGGAAACTGCAGATCTGGAGTGCCGGAGAGGTAAGCGGAATTCCTAGTGTAGCGGTGAAATGCGTAGATATTAGGAGGAACACCAGTGGCGAAGGCGGCTTACTGGACGGTGACTGACGTTGAGGCTCGAAAGCGTGGGGAGCAAACAGG,Bacteria,Firmicutes,Clostridia,Lachnospirales,Lachnospiraceae,,,Bacteria*Firmicutes*Clostridia*Lachnospirales*Lachnospiraceae*_*_,1256.7355868544687,0.0013350941117548337,0.0009754746187614732,1.3686610456866188,0.17447456720613572,0.8826670779283483,0,91,False
TACGTATGGTGCAAGCGTTATCCGGATTTACTGGGTGTAAAGGGAGCGTAGACGGATGGGCAAGTCTGATGTGAAAACCCGGGGCTCAACCCCGGGACTGCATTGGAAACTGTTCATCTAGAGTGCTGGAGAGGTAAGTGGAATTCCTAGTGTAGCGGTGAAATGCGTAGATATTAGGAGGAACACCAGTGGCGAAGGCGGCTTACTGGACAGTAACTGACGTTGAGGCTCGAAAGCGTGGGGAGCAAACAGG,Bacteria,Firmicutes,Clostridia,Lachnospirales,Lachnospiraceae,,,Bacteria*Firmicutes*Clostridia*Lachnospirales*Lachnospiraceae*_*_,1265.7125751625963,-3.277247666287465e-05,0.0031217912181659346,-0.010497971956666793,0.9916469647833464,0.9999331984954238,0,91,False
TACGTATGGTGCAAGCGTTATCCGGATTTACTGGGTGTAAAGGGAGCGTAGACGGCTGTGTAAGTCTGAAGTGAAAGCCCGGGGCTCAACCCCGGGACTGCTTTGGAAACTATGCAGCTAGAGTGTCGGAGAGGTAAGTGGAATTCCCAGTGTAGCGGTGAAATGCGTAGATATTGGGAGGAACACCAGTGGCGAAGGCGGCTTACTGGACGATGACTGACGTTGAGGCTCGAAAGCGTGGGGAGCAAACAGG,Bacteria,Firmicutes,Clostridia,Lachnospirales,Lachnospiraceae,Coprococcus,comes,Bacteria*Firmicutes*Clostridia*Lachnospirales*Lachnospiraceae*Coprococcus*comes,1272.2458358633505,-0.005077649924615779,0.0025652398471185424,-1.9794055243291782,0.05079256826819087,0.8826670779283483,0,91,False
TACGTATGGTGCAAGCGTTATCCGGATTTACTGGGTGTAAAGGGAGCGTAGACGGCTGTGTAAGTCTGAAGTGAAAGCCCGGGGCTCAACTCCGGGACTGCTTTGGAAACTATGCAGCTAGAGTGTCGGAGAGGTAAGTGGAATTCCCAGTGTAGCGGTGAAATGCGTAGATATTGGGAGGAACACCAGTGGCGAAGGCGGCTTACTGGACGATGACTGACGTTGAGGCTCGAAAGCGTGGGGAGCAAACAGG,Bacteria,Firmicutes,Clostridia,Lachnospirales,Lachnospiraceae,Coprococcus,,Bacteria*Firmicutes*Clostridia*Lachnospirales*Lachnospiraceae*Coprococcus*_,1256.6849929462835,-0.0003507820237770032,0.00025334204541458115,-1.3846182665927662,0.16955490305227056,0.8826670779283483,0,91,False
TACGTATGGTGCAAGCGTTATCCGGATTTACTGGGTGTAAAGGGAGCGTAGACGGTTGTGTAAGTCTGATGTGAAAGCCCGGGGCTCAACCCCGGGACTGCATTGGAAACTATGTAACTAGAGTGTCGGAGAGGTAAGCGGAATTCCTAGTGTAGCGGTGAAATGCGTAGATATTAGGAGGAACACCAGTGGCGAAGGCGGCTTACTGGACGATCACTGACGTTGAGGCTCGAAAGCGTGGGGAGCAAACAGG,Bacteria,Firmicutes,Clostridia,Lachnospirales,Lachnospiraceae,Tyzzerella,nexilis,Bacteria*Firmicutes*Clostridia*Lachnospirales*Lachnospiraceae*Tyzzerella*nexilis,1258.0409461468462,0.0008384152560991652,0.0025946531011266805,0.3231319268595477,0.747336679773464,0.9930777837826986,0,91,False
TACGTATGGTGCAAGCGTTATCCGGATTTACTGGGTGTAAAGGGAGCGTAGGTGGCAAGGCAAGCCAGAAGTGAAAACCCGGGGCTCAACCGCGGGATTGCTTTTGGAACTGTCATGCTAGAGTGCAGGAGGGGTGAGCGGAATTCCTAGTGTAGCGGTGAAATGCGTAGATATTAGGAGGAACACCGGAGGCGAAGGCGGCTCACTGGACTGTAACTGACACTGAGGCTCGAAAGCGTGGGGAGCAAACAGG,Bacteria,Firmicutes,Clostridia,Lachnospirales,Lachnospiraceae,Lachnospiraceae_ND3007_group,,Bacteria*Firmicutes*Clostridia*Lachnospirales*Lachnospiraceae*Lachnospiraceae_ND3007_group*_,1262.377325735949,-0.002310521033078472,0.0010687494168557868,-2.161892204700258,0.033250322556073054,0.8800252036507334,0,91,False
TACGTATGGTGCAAGCGTTATCCGGATTTACTGGGTGTAAAGGGTGAGTAGGCGGTCATGCAAGTCATATGTGAAATGTCAGGGCTTAACCTTGGCGCTGCATAAGAAACTGTATGACTAGAGTGCAGGAGAGGTAAGCGGAATTCCTAGTGTAGCGGTGAAATGCGTAGATATTAGGAAGAACACCGGTGGCGAAGGCGGCTTACTGGACTGTTACTGACGCTGAGTCACGAAAGCGTGGGGAGCAAACAGG,Bacteria,Firmicutes,Clostridia,Lachnospirales,Lachnospiraceae,Tyzzerella,,Bacteria*Firmicutes*Clostridia*Lachnospirales*Lachnospiraceae*Tyzzerella*_,1256.901469793576,0.0006743490613839234,0.0008929154637288699,0.7552216181449029,0.4520662936674349,0.9539541331513363,0,91,False
TACGTATGGTGCAAGCGTTATCCGGATTTACTGGGTGTAAAGGGTGCGTAGGTGGCAAGGCAAGTCTGAAGTGAAAATCCGGGGCTCAACCCCGGAACTGCTTTGGAAACTGTTTAGCTAGAGTACAGGAGAGGTAAGTGGAATTCCTAGTGTAGCGGTGAAATGCGTAGATATTAGGAGGAACACCAGTGGCGAAGGCGACTTACTGGACTGCTACTGACACTGAGGCACGAAAGCGTGGGGAGCAAACAGG,Bacteria,Firmicutes,Clostridia,Lachnospirales,Lachnospiraceae,Coprococcus,eutactus,Bacteria*Firmicutes*Clostridia*Lachnospirales*Lachnospiraceae*Coprococcus*eutactus,1263.8554144134134,-0.004017342538648374,0.004362577368768671,-0.9208644796555806,0.359556006892393,0.9319309982193569,0,91,False
TACGTATGGTGCAAGCGTTATCCGGATTTACTGGGTGTAAAGGGTGCGTAGGTGGCAAGGCAAGTCTGAAGTGAAAATCCGGGGCTCAACCCCGGAACTGCTTTGGAAACTGTTTAGCTGGAGTACAGGAGAGGTAAGTGGAATTCCTAGTGTAGCGGTGAAATGCGTAGATATTAGGAGGAACACCAGTGGCGAAGGCGACTTACTGGACTGCTACTGACACTGAGGCACGAAAGCGTGGGGAGCAAACAGG,Bacteria,Firmicutes,Clostridia,Lachnospirales,Lachnospiraceae,Coprococcus,eutactus,Bacteria*Firmicutes*Clostridia*Lachnospirales*Lachnospiraceae*Coprococcus*eutactus,1267.3113905186217,-0.008394013596771444,0.0037054829828800434,-2.2652954110309516,0.025867288732727135,0.7606898982883461,0,91,False
TACGTATGGTGCAAGCGTTATCCGGATTTACTGGGTGTAAAGGGTGCGTAGGTGGTATGGCAAGTCAGAAGTGAAAGGCTGGGGCTCAACCCCGGGACTGCTTTTGAAACTGTCAAACTAGAGTACAGGAGAGGAAAGCGGAATTCCTAGTGTAGCGGTGAAATGCGTAGATATTAGGAGGAACACCAGTGGCGAAGGCGGCTTTCTGGACTGAAACTGACACTGAGGCACGAAAGCGTGGGGAGCAAACAGG,Bacteria,Firmicutes,Clostridia,Lachnospirales,Lachnospiraceae,,,Bacteria*Firmicutes*Clostridia*Lachnospirales*Lachnospiraceae*_*_,1264.2863528049827,0.00217110335467703,0.0053391121380143665,0.40664127266007766,0.6852262768976296,0.9811380622590592,0,91,False
TACGTATGGTGCAAGCGTTATCCGGATTTACTGGGTGTAAAGGGTGCGTAGGTGGTGAGACAAGTCTGAAGTGAAAATCCGGGGCTTAACCCCGGAACTGCTTTGGAAACTGCCTGACTAGAGTACAGGAGAGGTAAGTGGAATTCCTAGTGTAGCGGTGAAATGCGTAGATATTAGGAGGAACACCAGTGGCGAAGGCGACTTACTGGACTGCTACTGACACTGAGGCACGAAAGCGTGGGGAGCAAACAGG,Bacteria,Firmicutes,Clostridia,Lachnospirales,Lachnospiraceae,Coprococcus,,Bacteria*Firmicutes*Clostridia*Lachnospirales*Lachnospiraceae*Coprococcus*_,1270.7056883342457,-0.014137152201688128,0.004230385497406086,-3.3418118065969407,0.0012089288522613368,0.20332356126522674,0,91,False
TACGTATGTCACGAGCGTTATCCGGATTTATTGGGCGTAAAGCGCGTCTAGGTGGTTATGTAAGTCTGATGTGAAAATGCAGGGCTCAACTCTGTATTGCGTTGGAAACTGTATAACTAGAGTACTGGAGAGGTAAGCGGAACTACAAGTGTAGAGGTGAAATTCGTAGATATTTGTAGGAATGCCGATGGGGAAGCCAGCTTACTGGACAGATACTGACGCTAAAGCGCGAAAGCGTGGGTAGCAAACAGG,Bacteria,Fusobacteriota,Fusobacteriia,Fusobacteriales,Fusobacteriaceae,Fusobacterium,nucleatum,Bacteria*Fusobacteriota*Fusobacteriia*Fusobacteriales*Fusobacteriaceae*Fusobacterium*nucleatum,1256.3974211660677,0.0001139696028007751,0.00017100426856492872,0.6664722685416586,0.5067954905013915,0.9539541331513363,0,91,False
TACGTATGTCCCGAGCGTTATCCGGATTTATTGGGCGTAAAGCGAGCGCAGACGGTTGGTTAAGTCTGATGTGAAAGCCCGGAGCTCAACTCCGGAAAGGCATTGGAAACTGGTTAACTTGAGTGCAGTAGAGGTAAGTGGAACTCCATGTGTAGCGGTGGAATGCGTAGATATATGGAAGAACACCAGCGGCGAAGGCGGCTTACTGGACTGTAACTGACGTTGAGGCTCGAAAGTGTGGGTAGCAAACAGG,Bacteria,Firmicutes,Bacilli,Lactobacillales,Leuconostocaceae,Leuconostoc,carnosum,Bacteria*Firmicutes*Bacilli*Lactobacillales*Leuconostocaceae*Leuconostoc*carnosum,1256.3819917418045,-2.8897154008775816e-06,4.549242526204104e-05,-0.06352080339160913,0.9494911162568171,0.9930777837826986,0,91,False
TACGTATGTCGCAAGCGTTATCCGGATTTATTGGGCGTAAAGCGCGTCTAGGCGGTTTGGTAAGTCTGATGTGAAAATGCGGGGCTCAACTCCGTATTGCGTTGGAAACTGCCAAACTAGAGTACTGGAGAGGTAGGCGGAACTACAAGTGTAGAGGTGAAATTCGTAGATATTTGTAGGAATGCCGATGGGGAAGCCAGCCTACTGGACAGATACTGACGCTAAAGCGCGAAAGCGTGGGTAGCAAACAGG,Bacteria,Fusobacteriota,Fusobacteriia,Fusobacteriales,Fusobacteriaceae,Fusobacterium,,Bacteria*Fusobacteriota*Fusobacteriia*Fusobacteriales*Fusobacteriaceae*Fusobacterium*_,1256.486855206968,-0.00010614875207485758,0.00010033929133017746,-1.0578981639960308,0.29290205093661453,0.897683688214678,0,91,False
TACGTATGTTCCAAGCGTTATCCGGATTTATTGGGCGTAAAGCGAGCGCAGACGGTTATTTAAGTCTGAAGTGAAAGCCCTCAGCTCAACTGAGGAATTGCTTTGGAAACTGGATGACTTGAGTGCAGTAGAGGAAAGTGGAACTCCATGTGTAGCGGTGAAATGCGTAGATATATGGAAGAACACCAGTGGCGAAGGCGGCTTTCTGGACTGTAACTGACGTTGAGGCTCGAAAGTGTGGGTAGCAAACAGG,Bacteria,Firmicutes,Bacilli,Lactobacillales,Leuconostocaceae,Weissella,,Bacteria*Firmicutes*Bacilli*Lactobacillales*Leuconostocaceae*Weissella*_,1256.3819917418045,6.527169083235429e-05,6.887445479869761e-05,0.9476908532071393,0.34579673298508584,0.9191142356560728,0,91,False
