,baseMean,log2FoldChange,lfcSE,stat,pvalue,padj,reject,df
Bacteria*Spirochaetota*Brachyspirae*Brachyspirales*Brachyspiraceae*Brachyspira,93.58137236793746,-1.3360478396725954,1.0592878356896174,-1.2612698783638931,0.21693163705026902,0.9583910372637972,0,30
Bacteria*Bacteroidota*Bacteroidia*Bacteroidales*Bacteroidaceae*Bacteroides,248662.77447335506,-0.899213939229908,1.021657983115719,-0.8801516300862279,0.3857737116990747,0.9583910372637972,0,30
Bacteria*Firmicutes*Clostridia*Lachnospirales*Lachnospiraceae*Blautia,252273.0153245649,-1.1598827265458593,0.9549504684212623,-1.21459988229902,0.23399287830420346,0.9583910372637972,0,30
Bacteria*Firmicutes*Bacilli*Lactobacillales*Streptococcaceae*Streptococcus,7228.764319349419,1.9154304041552415,1.0467037553811747,1.829964203632484,0.07720842469980342,0.9583910372637972,0,30
Bacteria*Firmicutes*Clostridia*Oscillospirales*Ruminococcaceae*Faecalibacterium,135247.1389156808,-0.8667084528169995,0.9484572213383524,-0.9138086919660977,0.3681036190361434,0.9583910372637972,0,30
Bacteria*Bacteroidota*Bacteroidia*Bacteroidales*Prevotellaceae*Prevotella,202.05780958202487,2.8529836884639517,1.978708067004305,1.4418416420484248,0.15970573428324508,0.9583910372637972,0,30
Bacteria*Firmicutes*Clostridia*Lachnospirales*Lachnospiraceae*Agathobacter,122358.02203453661,-1.0650070493338615,1.1207521151094983,-0.9502610211267006,0.34957287949338556,0.9583910372637972,0,30
Bacteria*Firmicutes*Negativicutes*Veillonellales-Selenomonadales*Selenomonadaceae*Megamonas,37.50084495119197,0.6558946790405212,0.9020286066917846,0.7271329026315845,0.47278108800525254,0.9583910372637972,0,30
Bacteria*Proteobacteria*Gammaproteobacteria*Burkholderiales*Neisseriaceae*Neisseria,49.92535875366159,0.5222350559422873,1.0166649813770523,0.513674677015953,0.6112423024292764,0.9583910372637972,0,30
Bacteria*Firmicutes*Clostridia*Oscillospirales*Ruminococcaceae*Subdoligranulum,12412.027582617586,-0.03655055283287686,1.437669934577754,-0.025423466091757576,0.9798855562006998,0.9856978611119281,0,30
Bacteria*Firmicutes*Clostridia*Lachnospirales*Lachnospiraceae*Anaerostipes,34094.56382864375,-1.229741390457761,1.2928347111472067,-0.9511976897391164,0.34910505385892854,0.9583910372637972,0,30
Bacteria*Firmicutes*Clostridia*Lachnospirales*Lachnospiraceae*Fusicatenibacter,15327.246353918152,0.03408244582677869,1.4986098707290598,0.02274270742004248,0.9820061088231195,0.9856978611119281,0,30
Bacteria*Firmicutes*Bacilli*Lactobacillales*Lactobacillaceae*Lactobacillus,126.67409789539845,3.148185158710477,1.2963201324737033,2.428555323524099,0.021364800603734805,0.9583910372637972,0,30
Bacteria*Firmicutes*Clostridia*Oscillospirales*Ruminococcaceae*Ruminococcus,6559.740318487363,-0.1596473262239287,1.781120615475282,-0.0896330797795677,0.9291745408269888,0.9671279465470146,0,30
Bacteria*Firmicutes*Clostridia*Lachnospirales*Lachnospiraceae*Roseburia,9112.46600337923,-1.5215898188434485,1.4401845346851363,-1.0565242038070557,0.2991629108629041,0.9583910372637972,0,30
Bacteria*Firmicutes*Clostridia*Peptostreptococcales-Tissierellales*Peptostreptococcaceae*Romboutsia,5301.719509166484,0.14526593265804555,1.5228655228715147,0.09538986238530908,0.9246395049697577,0.9671279465470146,0,30
Bacteria*Bacteroidota*Bacteroidia*Bacteroidales*Rikenellaceae*Alistipes,4283.684530402745,0.4280434680507495,1.2852750662583239,0.33303646766980716,0.7414230763730528,0.9583910372637972,0,30
Bacteria*Firmicutes*Clostridia*Lachnospirales*Lachnospiraceae*Lachnospira,11569.03424003351,-1.40328896429747,1.4250667547043196,-0.9847180559542502,0.33263821385550996,0.9583910372637972,0,30
Bacteria*Actinobacteriota*Actinobacteria*Bifidobacteriales*Bifidobacteriaceae*Bifidobacterium,2308.393751209764,1.3761489820251709,1.6066179474273443,0.8565502359965415,0.39848397424619497,0.9583910372637972,0,30
Bacteria*Firmicutes*Negativicutes*Veillonellales-Selenomonadales*Veillonellaceae*Veillonella,142.55693784488017,1.9304668198698518,1.415669680327801,1.36364213113814,0.18282597429989556,0.9583910372637972,0,30
Bacteria*Proteobacteria*Gammaproteobacteria*Pasteurellales*Pasteurellaceae*Haemophilus,72.29921201519994,2.0482438295138574,1.222493033361942,1.6754646232061075,0.1042370786878191,0.9583910372637972,0,30
Bacteria*Firmicutes*Clostridia*Lachnospirales*Lachnospiraceae*Dorea,19073.893651146973,-0.0772731958683262,1.1188176361783024,-0.0690668374984495,0.9453947342650593,0.9671279465470146,0,30
Bacteria*Firmicutes*Clostridia*Lachnospirales*Lachnospiraceae*Lachnospiraceae_NK4A136_group,4653.280181426886,-2.2198936958778033,1.41794864612067,-1.5655670619321471,0.1279387271055779,0.9583910372637972,0,30
Bacteria*Proteobacteria*Alphaproteobacteria*Rhizobiales*Beijerinckiaceae*Methylobacterium-Methylorubrum,75.57089930820737,-0.17382220524932232,0.7971381315678597,-0.21805782256011044,0.8288605486102166,0.9583910372637972,0,30
Bacteria*Bacteroidota*Bacteroidia*Bacteroidales*Tannerellaceae*Parabacteroides,20164.240208032104,-1.8365701245844743,1.1784952930735813,-1.5584025964113928,0.12962596092008621,0.9583910372637972,0,30
Bacteria*Verrucomicrobiota*Verrucomicrobiae*Verrucomicrobiales*Akkermansiaceae*Akkermansia,640.4783283299793,-1.5616821533409744,1.5103704638915614,-1.0339729163646416,0.3094123889352707,0.9583910372637972,0,30
Bacteria*Firmicutes*Clostridia*Lachnospirales*Lachnospiraceae*Lachnoclostridium,22628.66135006572,-1.2101672696528034,1.1051345703457318,-1.0950406422217098,0.28221272866635894,0.9583910372637972,0,30
Bacteria*Firmicutes*Bacilli*Staphylococcales*Gemellaceae*Gemella,37.50084495119196,1.2334048975444594,0.9935479469326072,1.2414145702302195,0.2240718228243819,0.9583910372637972,0,30
Bacteria*Firmicutes*Clostridia*Lachnospirales*Lachnospiraceae*Coprococcus,3771.7366560420187,1.0521372403184353,1.3606458842289464,0.7732630896206051,0.4454171913923215,0.9583910372637972,0,30
Bacteria*Firmicutes*Clostridia*Clostridiales*Clostridiaceae*Sarcina,37.50084495119196,-0.01674955583380923,0.13850041462175983,-0.12093505914442008,0.9045488441590894,0.9583910372637972,0,30
Bacteria*Firmicutes*Bacilli*Lactobacillales*Streptococcaceae*Lactococcus,349.2099729474333,-0.8288939523563641,1.1698425871400178,-0.7085516987228251,0.48407252337464546,0.9583910372637972,0,30
Bacteria*Actinobacteriota*Coriobacteriia*Coriobacteriales*Coriobacteriaceae*Collinsella,1305.9202558495308,2.4747695439387414,1.4780609306482415,1.6743352676627261,0.1044606425797103,0.9583910372637972,0,30
Bacteria*Firmicutes*Clostridia*Oscillospirales*Ruminococcaceae*Incertae_Sedis,8711.87221161633,-0.5493400286435722,0.85665701455697,-0.6412601768371321,0.5262228291050073,0.9583910372637972,0,30
Bacteria*Fusobacteriota*Fusobacteriia*Fusobacteriales*Fusobacteriaceae*Fusobacterium,54.80893377296963,1.1021937612568602,1.2756096611132204,0.8640525349227751,0.39441523939591383,0.9583910372637972,0,30
Bacteria*Firmicutes*Clostridia*Clostridiales*Clostridiaceae*Clostridium_sensu_stricto_1,321.1925926471424,2.545753628051636,1.4709941665434105,1.7306347543401412,0.09379251449865547,0.9583910372637972,0,30
Bacteria*Proteobacteria*Gammaproteobacteria*Enterobacterales*Enterobacteriaceae*Escherichia/Shigella,57.99107867837895,1.4228147522051604,1.0541980341252886,1.3496655335595729,0.1872205351720271,0.9583910372637972,0,30
Bacteria*Firmicutes*Bacilli*Erysipelotrichales*Erysipelatoclostridiaceae*Erysipelotrichaceae_UCG-003,4093.233398734371,-0.8294442370087957,1.4445334604440934,-0.57419524000074,0.5701163498213389,0.9583910372637972,0,30
Bacteria*Bacteroidota*Bacteroidia*Bacteroidales*Prevotellaceae*Alloprevotella,107.2478810890452,-0.9501286820802133,1.1198560468736403,-0.848438229835644,0.40291314204908346,0.9583910372637972,0,30
Bacteria*Firmicutes*Clostridia*Oscillospirales*Oscillospiraceae*UCG-005,955.0137785176161,-0.9215233644035269,1.3852680693796453,-0.6652310731569855,0.5109850096176416,0.9583910372637972,0,30
Bacteria*Firmicutes*Bacilli*Lactobacillales*Carnobacteriaceae*Granulicatella,52.20723695255743,0.7182239473104159,1.0265609531793474,0.6996408202416181,0.4895415636577748,0.9583910372637972,0,30
Bacteria*Firmicutes*Clostridia*Oscillospirales*Oscillospiraceae*UCG-002,2430.789001363017,-0.6063165274942532,1.480879603873821,-0.40942999411173925,0.6851328147228097,0.9583910372637972,0,30
Bacteria*Bacteroidota*Bacteroidia*Bacteroidales*Porphyromonadaceae*Porphyromonas,46.437589255969556,0.5063931127946949,0.8350420935179458,0.6064282468220413,0.5487922854458052,0.9583910372637972,0,30
Bacteria*Firmicutes*Negativicutes*Acidaminococcales*Acidaminococcaceae*Acidaminococcus,66.21921261565082,1.4702773770470932,1.3708691969635753,1.0725147084081423,0.2920410171552131,0.9583910372637972,0,30
Bacteria*Firmicutes*Clostridia*Oscillospirales*Ruminococcaceae*CAG-352,197.92970117362984,-1.5732443025342615,1.2023536230294984,-1.308470546768306,0.2006500960300179,0.9583910372637972,0,30
Bacteria*Firmicutes*Negativicutes*Veillonellales-Selenomonadales*Veillonellaceae*Dialister,154.79128998405108,2.48864270963463,1.5845068592221125,1.5706102470622236,0.12676184667885979,0.9583910372637972,0,30
Bacteria*Firmicutes*Clostridia*Christensenellales*Christensenellaceae*Christensenellaceae_R-7_group,1586.1204637239373,-0.9779135821697502,1.3652396784293666,-0.7162944335860398,0.4793488261601414,0.9583910372637972,0,30
Bacteria*Firmicutes*Bacilli*Erysipelotrichales*Erysipelotrichaceae*Turicibacter,389.04139052922903,-0.11021265595717855,1.4357924924740406,-0.0767608526544592,0.9393234478189469,0.9671279465470146,0,30
Bacteria*Firmicutes*Clostridia*Lachnospirales*Lachnospiraceae*Lachnospiraceae_ND3007_group,2753.940577854003,-0.8408034952606296,1.527370190763391,-0.5504909682965528,0.5860588126392614,0.9583910372637972,0,30
Bacteria*Firmicutes*Negativicutes*Acidaminococcales*Acidaminococcaceae*Phascolarctobacterium,5445.3054925924525,-2.5487582110425535,1.71757192711475,-1.4839309904907827,0.1482587355544681,0.9583910372637972,0,30
Bacteria*Firmicutes*Negativicutes*Veillonellales-Selenomonadales*Veillonellaceae*Megasphaera,37.50084495119196,1.453370179313399,1.0745737316879356,1.3525085682398468,0.1863200414607782,0.9583910372637972,0,30
Bacteria*Firmicutes*Clostridia*Peptostreptococcales-Tissierellales*Peptostreptococcaceae*Intestinibacter,150.0442893062456,0.96766253062618,1.4630694777883553,0.6613920564380471,0.5134090106665803,0.9583910372637972,0,30
Bacteria*Bacteroidota*Bacteroidia*Flavobacteriales*Flavobacteriaceae*Capnocytophaga,37.500844951191965,0.8030948960635113,0.810696489243248,0.9906233796734059,0.3297926903765187,0.9583910372637972,0,30
Archaea*Euryarchaeota*Methanobacteria*Methanobacteriales*Methanobacteriaceae*Methanobrevibacter,95.29184589966131,0.0846923399992298,1.1099636636599437,0.07630190318119887,0.9396855010043597,0.9671279465470146,0,30
Bacteria*Proteobacteria*Gammaproteobacteria*Burkholderiales*Sutterellaceae*Sutterella,1075.7907618596103,-0.19644992051029625,1.6039674603261538,-0.12247749743648151,0.9033376702872824,0.9583910372637972,0,30
Bacteria*Firmicutes*Negativicutes*Acidaminococcales*Acidaminococcaceae*Succiniclasticum,37.50084495119197,0.7863917516424241,0.6964823265294917,1.129090748879362,0.2678075624367389,0.9583910372637972,0,30
Bacteria*Fusobacteriota*Fusobacteriia*Fusobacteriales*Leptotrichiaceae*Leptotrichia,37.50084495119197,0.5047207812418892,0.6981653757196739,0.7229243941259897,0.4753251003433352,0.9583910372637972,0,30
Bacteria*Firmicutes*Clostridia*Lachnospirales*Lachnospiraceae*CAG-56,1066.755917275493,-1.9467620967808934,1.401391768294122,-1.389163359472731,0.17500929984643893,0.9583910372637972,0,30
Bacteria*Firmicutes*Clostridia*Lachnospirales*Lachnospiraceae*Lachnospiraceae_UCG-004,1231.942974539715,-0.362290263793987,1.3333659736480357,-0.27171104629494586,0.7877053552606417,0.9583910372637972,0,30
Bacteria*Firmicutes*Clostridia*Oscillospirales*Butyricicoccaceae*Butyricicoccus,4621.457825070625,-1.431812935608293,1.0926665205127908,-1.3103841920006298,0.20001029588146002,0.9583910372637972,0,30
Bacteria*Firmicutes*Clostridia*Clostridiales*Clostridiaceae*Clostridium_sensu_stricto_13,67.91595821189418,-0.37608572254214095,0.7914362498614352,-0.4751939560615098,0.6380903372480935,0.9583910372637972,0,30
Bacteria*Firmicutes*Bacilli*Erysipelotrichales*Erysipelotrichaceae*Faecalitalea,969.9608562803528,-2.7203685610565436,1.140717577558081,-2.3847870976793404,0.02361020897248529,0.9583910372637972,0,30
Bacteria*Proteobacteria*Gammaproteobacteria*Burkholderiales*Sutterellaceae*Parasutterella,641.5314767608373,-0.7402583606333909,1.4771352240894753,-0.5011446132764829,0.6199268656675827,0.9583910372637972,0,30
Bacteria*Firmicutes*Bacilli*Erysipelotrichales*Erysipelatoclostridiaceae*Erysipelatoclostridium,497.6177750633658,-0.8711409153479667,1.2524609120859047,-0.6955433953600432,0.49206803777822283,0.9583910372637972,0,30
Bacteria*Bacteroidota*Bacteroidia*Bacteroidales*Barnesiellaceae*Barnesiella,725.665019275759,-2.0172242722128613,1.4174415680534522,-1.4231445709491082,0.16501114733803735,0.9583910372637972,0,30
Bacteria*Firmicutes*Clostridia*Peptostreptococcales-Tissierellales*Peptostreptococcaceae*Peptostreptococcus,37.500844951191965,0.8043512179163287,0.7729183141631947,1.0406678211360085,0.3063444333876635,0.9583910372637972,0,30
Bacteria*Firmicutes*Clostridia*Monoglobales*Monoglobaceae*Monoglobus,1794.440178822756,0.2600186984588053,1.1728552818119966,0.22169717141665662,0.8260518468310383,0.9583910372637972,0,30
Bacteria*Firmicutes*Clostridia*Oscillospirales*Ruminococcaceae*Caproiciproducens,84.13973430158481,-0.8962176933506795,0.5895279453276104,-1.5202293639407314,0.13892395343933842,0.9583910372637972,0,30
Bacteria*Campilobacterota*Campylobacteria*Campylobacterales*Helicobacteraceae*Helicobacter,37.500844951191965,0.48261364476981744,0.6700293953599815,0.7202872711435703,0.4769232354313496,0.9583910372637972,0,30
Bacteria*Firmicutes*Bacilli*Erysipelotrichales*Erysipelotrichaceae*Holdemanella,50.18615013347468,-0.10140345656370771,0.595309106787719,-0.1703374858665939,0.865888311209624,0.9583910372637972,0,30
Bacteria*Actinobacteriota*Actinobacteria*Actinomycetales*Actinomycetaceae*Actinomyces,48.69881267567578,1.4210059558744876,0.9488521398052203,1.4976052603582584,0.14468465513848053,0.9583910372637972,0,30
Bacteria*Firmicutes*Clostridia*Peptostreptococcales-Tissierellales*Peptostreptococcaceae*Terrisporobacter,65.79635722448465,-0.11664539190178776,0.8822247019951089,-0.13221732698937105,0.8956952086402892,0.9583910372637972,0,30
Bacteria*Firmicutes*Bacilli*Erysipelotrichales*Erysipelatoclostridiaceae*Catenibacterium,37.50084495119196,0.46426143544156523,0.6342902487621019,0.7319384719339931,0.46988580997749185,0.9583910372637972,0,30
Bacteria*Desulfobacterota*Desulfovibrionia*Desulfovibrionales*Desulfovibrionaceae*Desulfovibrio,100.4650820730458,0.6776131137142,1.1862725581572446,0.5712119942880614,0.5721107571713046,0.9583910372637972,0,30
Bacteria*Bacteroidota*Bacteroidia*Bacteroidales*Prevotellaceae*Paraprevotella,65.32738979558594,0.7086540543873866,1.085040348618435,0.6531130895636321,0.5186577870433915,0.9583910372637972,0,30
Bacteria*Proteobacteria*Gammaproteobacteria*Pasteurellales*Pasteurellaceae*Actinobacillus,57.38936003576512,-0.23496527354279545,0.7250510788347594,-0.3240672007831665,0.7481358055198247,0.9583910372637972,0,30
Bacteria*Firmicutes*Clostridia*Peptostreptococcales-Tissierellales*Peptostreptococcaceae*Peptoclostridium,37.50084495119197,0.40601680518141875,0.5665312484833663,0.7166715097681671,0.4791194557829134,0.9583910372637972,0,30
Bacteria*Firmicutes*Clostridia*Lachnospirales*Lachnospiraceae*Tuzzerella,207.01542518978772,-0.30657410128315243,1.2881193525455985,-0.23800131616476117,0.8134981699046795,0.9583910372637972,0,30
Bacteria*Firmicutes*Clostridia*Oscillospirales*Ruminococcaceae*Negativibacillus,447.4292521059913,0.4687421481466639,1.2302647309816892,0.381009173344855,0.7058813773365675,0.9583910372637972,0,30
Bacteria*Firmicutes*Clostridia*Lachnospirales*Lachnospiraceae*Lachnospiraceae_AC2044_group,37.50084495119197,0.4587391943825376,0.5803130973552306,0.7905029138119327,0.435438915198774,0.9583910372637972,0,30
Bacteria*Actinobacteriota*Actinobacteria*Propionibacteriales*Propionibacteriaceae*Cutibacterium,80.91795751088934,-0.3901860084614191,0.8153873036155451,-0.47852843272304824,0.6357433158460344,0.9583910372637972,0,30
Bacteria*Firmicutes*Clostridia*Peptostreptococcales-Tissierellales*Peptostreptococcales-Tissierellales_fa*Parvimonas,37.500844951191965,0.457138357488385,0.6376724130669846,0.7168858933221008,0.4789890772206459,0.9583910372637972,0,30
Bacteria*Firmicutes*Clostridia*Lachnospirales*Lachnospiraceae*Lachnospiraceae_UCG-003,59.662855098560634,-0.6866594716081679,0.5004658068000122,-1.3720407314111658,0.18022414974824105,0.9583910372637972,0,30
Bacteria*Patescibacteria*Saccharimonadia*Saccharimonadales*Saccharimonadaceae*TM7x,37.500844951191965,0.45254356419826397,0.6318446898344952,0.7162259515337588,0.4793904896276133,0.9583910372637972,0,30
Bacteria*Actinobacteriota*Actinobacteria*Micrococcales*Micrococcaceae*Rothia,37.50084495119197,1.358150960767332,0.7851723775279472,1.7297487782789334,0.09395301266816024,0.9583910372637972,0,30
Bacteria*Firmicutes*Clostridia*Oscillospirales*Oscillospiraceae*NK4A214_group,915.5844035682909,-1.4766875212452226,1.3115884516467677,-1.1258771906623335,0.2691439809561803,0.9583910372637972,0,30
Bacteria*Firmicutes*Bacilli*Erysipelotrichales*Erysipelatoclostridiaceae*Candidatus_Stoquefichus,37.50084495119198,0.9632080400643969,0.7066921688465667,1.3629810581267718,0.18303200547126391,0.9583910372637972,0,30
Bacteria*Campilobacterota*Campylobacteria*Campylobacterales*Campylobacteraceae*Campylobacter,56.001519690764006,-0.1311380136275455,0.7527088915754419,-0.17422142224608214,0.8628618373384127,0.9583910372637972,0,30
Bacteria*Firmicutes*Clostridia*Oscillospirales*Oscillospiraceae*Flavonifractor,973.567147198275,-0.07573210793056066,1.0604617100072469,-0.07141427853160595,0.9435420166455695,0.9671279465470146,0,30
Bacteria*Firmicutes*Clostridia*Oscillospirales*Oscillospiraceae*Oscillibacter,711.259677097909,-0.17025970595356713,0.9822779686887723,-0.1733314920834926,0.8635551112858211,0.9583910372637972,0,30
Bacteria*Firmicutes*Clostridia*Oscillospirales*Oscillospiraceae*Colidextribacter,1021.8960935446452,-0.7006385543387479,1.0661607453337325,-0.6571603366614591,0.5160882409069403,0.9583910372637972,0,30
Bacteria*Fusobacteriota*Fusobacteriia*Fusobacteriales*Leptotrichiaceae*Streptobacillus,37.50084495119197,0.4035075173230079,0.5698358518981509,0.7081118465588024,0.48434166297716874,0.9583910372637972,0,30
Bacteria*Bacteroidota*Bacteroidia*Bacteroidales*Marinifilaceae*Odoribacter,1470.745787299134,-2.8139358506411405,1.167043986425455,-2.411165203172812,0.02223249697035395,0.9583910372637972,0,30
Bacteria*Actinobacteriota*Coriobacteriia*Coriobacteriales*Eggerthellaceae*Slackia,58.66930246637708,0.7095069492173872,0.9215268887625387,0.7699253899906708,0.4473647361583366,0.9583910372637972,0,30
Bacteria*Firmicutes*Clostridia*Lachnospirales*Lachnospiraceae*Sellimonas,54.997631404488295,-0.26170858486520926,0.619257501253214,-0.42261673752127354,0.6755887687101403,0.9583910372637972,0,30
Bacteria*Firmicutes*Clostridia*Peptostreptococcales-Tissierellales*Peptostreptococcales-Tissierellales_fa*Anaerococcus,148.4716568277367,-1.2145023164045532,0.8728355732470034,-1.3914445671439901,0.17432355608013583,0.9583910372637972,0,30
Bacteria*Actinobacteriota*Actinobacteria*Corynebacteriales*Corynebacteriaceae*Corynebacterium,153.7066769975264,0.5371531558881625,1.1860706785810107,0.45288460931417757,0.6538903158850062,0.9583910372637972,0,30
Bacteria*Firmicutes*Clostridia*Peptostreptococcales-Tissierellales*Anaerovoracaceae*Family_XIII_AD3011_group,808.6291327767932,-2.0009074733040606,1.0552453262131438,-1.8961538360795422,0.06760764756719936,0.9583910372637972,0,30
Bacteria*Firmicutes*Clostridia*Lachnospirales*Lachnospiraceae*Lachnospiraceae_FCS020_group,188.9471253264821,1.1802511608113513,1.1959197899399943,0.9868982608529046,0.331585732031044,0.9583910372637972,0,30
Bacteria*Firmicutes*Clostridia*Oscillospirales*Oscillospiraceae*UCG-003,507.4853793593499,-1.5923651043140996,1.098704938379067,-1.4493109557360646,0.15762451847125822,0.9583910372637972,0,30
Bacteria*Firmicutes*Clostridia*Lachnospirales*Lachnospiraceae*Marvinbryantia,389.0388904739609,-0.5729056575339077,1.2406028304832306,-0.46179618767333747,0.6475588330815113,0.9583910372637972,0,30
Bacteria*Firmicutes*Clostridia*Oscillospirales*Ruminococcaceae*Paludicola,67.69380078943674,0.342088475961919,0.707767662778648,0.48333442449023845,0.6323673028618602,0.9583910372637972,0,30
Bacteria*Proteobacteria*Gammaproteobacteria*Burkholderiales*Comamonadaceae*Delftia,53.85780053852477,0.04196044752994814,0.7044115948858066,0.05956808183537981,0.9528946863345307,0.9674007507594179,0,30
Bacteria*Proteobacteria*Gammaproteobacteria*Enterobacterales*Enterobacteriaceae*Klebsiella,37.50084495119197,0.7195959421180292,0.6499869373716511,1.107092928710007,0.2770519955570809,0.9583910372637972,0,30
Bacteria*Firmicutes*Clostridia*Lachnospirales*Lachnospiraceae*Tyzzerella,51.687144672723704,1.1970232111657892,0.9535355008065045,1.2553525381628075,0.21904136584065695,0.9583910372637972,0,30
Bacteria*Actinobacteriota*Coriobacteriia*Coriobacteriales*Eggerthellaceae*Eggerthella,261.17926879072814,-2.6438233546275804,0.8494216710325957,-3.1124981205313826,0.004053265349548472,0.9583910372637972,0,30
Bacteria*Firmicutes*Bacilli*Erysipelotrichales*Erysipelotrichaceae*Solobacterium,37.500844951191965,0.41155314607474536,0.5799844749032812,0.7095933837597573,0.4834354703620608,0.9583910372637972,0,30
Bacteria*Firmicutes*Clostridia*Oscillospirales*Ruminococcaceae*UBA1819,158.85670773447293,-1.157707796150971,0.8876089385225208,-1.3042993889606906,0.20205009954225012,0.9583910372637972,0,30
Bacteria*Actinobacteriota*Coriobacteriia*Coriobacteriales*Eggerthellaceae*Senegalimassilia,49.925358753661584,0.27121069727356206,0.7159542778792254,0.37881007999132693,0.7074966915047756,0.9583910372637972,0,30
Bacteria*Firmicutes*Clostridia*Lachnospirales*Lachnospiraceae*Lachnospiraceae_UCG-001,168.9931054884,0.37762729546201224,1.176877058434848,0.32087233985529995,0.7505317713919996,0.9583910372637972,0,30
Bacteria*Bacteroidota*Bacteroidia*Bacteroidales*Prevotellaceae*Prevotellaceae_NK3B31_group,59.84868425305498,-0.691145984243797,0.5115629726321251,-1.351047713026747,0.18678232723102967,0.9583910372637972,0,30
Bacteria*Firmicutes*Clostridia*Lachnospirales*Lachnospiraceae*Moryella,37.500844951191965,0.40804319551054935,0.5755557287351841,0.7089551456767654,0.4838257345735363,0.9583910372637972,0,30
Bacteria*Firmicutes*Bacilli*Staphylococcales*Staphylococcaceae*Staphylococcus,149.29998423305935,0.770549615864294,1.1912986107076595,0.6468148362958044,0.5226702422942189,0.9583910372637972,0,30
Bacteria*Synergistota*Synergistia*Synergistales*Synergistaceae*Cloacibacillus,49.64866245175008,-0.42158130542777345,0.3098265057419031,-1.3607012234742957,0.18374392956123728,0.9583910372637972,0,30
Bacteria*Firmicutes*Clostridia*Lachnospirales*Lachnospiraceae*Lachnospiraceae_NC2004_group,37.50084495119197,0.33815204831421697,0.49560191939034415,0.6823057681660891,0.5002803726119989,0.9583910372637972,0,30
Bacteria*Firmicutes*Clostridia*Lachnospirales*Lachnospiraceae*Eisenbergiella,66.61430214235668,-0.1401301684883891,0.7867812977766064,-0.17810561700486272,0.8598372756345637,0.9583910372637972,0,30
Bacteria*Firmicutes*Bacilli*Lactobacillales*Enterococcaceae*Enterococcus,46.43758925596956,0.09209526305022388,0.6243831594934524,0.1474979932593612,0.8837258179032663,0.9583910372637972,0,30
Bacteria*Firmicutes*Clostridia*Lachnospirales*Lachnospiraceae*GCA-900066575,112.28299646854617,0.7633400868574872,1.0301123324322008,0.7410260636868243,0.4644389162946754,0.9583910372637972,0,30
Bacteria*Firmicutes*Clostridia*Lachnospirales*Lachnospiraceae*Lachnoanaerobaculum,48.33102373888076,0.3016419722715744,0.7304579271274831,0.41294913925813326,0.6825805441233384,0.9583910372637972,0,30
Bacteria*Firmicutes*Clostridia*Peptostreptococcales-Tissierellales*Peptostreptococcales-Tissierellales_fa*Finegoldia,100.18455147169152,-0.35225744934912945,0.9183746477781232,-0.3835661733491514,0.7040049174260394,0.9583910372637972,0,30
Bacteria*Actinobacteriota*Coriobacteriia*Coriobacteriales*Eggerthellaceae*Adlercreutzia,663.3020152543874,-1.558317915311338,1.0096896266092146,-1.5433633012003418,0.13322675589613733,0.9583910372637972,0,30
Bacteria*Firmicutes*Clostridia*Lachnospirales*Lachnospiraceae*Lachnospiraceae_UCG-010,423.64692468226554,-0.8332844057030708,0.9796461352307829,-0.8505973491201162,0.40173124221117984,0.9583910372637972,0,30
Bacteria*Firmicutes*Clostridia*Oscillospirales*Ruminococcaceae*Fournierella,74.29646200811956,-0.05841534405176924,0.8232679137087875,-0.07095544849866742,0.9439041233068998,0.9671279465470146,0,30
Bacteria*Firmicutes*Bacilli*Erysipelotrichales*Erysipelotrichaceae*Merdibacter,47.92960537060732,-0.07187951911244564,0.43156753041345536,-0.16655451128026888,0.8688381009305248,0.9583910372637972,0,30
Bacteria*Firmicutes*Clostridia*Lachnospirales*Lachnospiraceae*Lachnospiraceae_NK4B4_group,37.50084495119196,-0.01674955583380923,0.13850041462175983,-0.12093505914442008,0.9045488441590894,0.9583910372637972,0,30
Bacteria*Firmicutes*Clostridia*Lachnospirales*Lachnospiraceae*Oribacterium,37.500844951191965,0.2907378001414248,0.42914528040186967,0.6774810615863367,0.5032924073364624,0.9583910372637972,0,30
Bacteria*Bacteroidota*Bacteroidia*Bacteroidales*Barnesiellaceae*Coprobacter,106.57633359398663,-0.36084203001965126,0.8986488123874669,-0.40153842640818893,0.6908699063860292,0.9583910372637972,0,30
Bacteria*Firmicutes*Clostridia*Lachnospirales*Lachnospiraceae*Shuttleworthia,53.36769890198398,-0.5257932605653224,0.4357663843461211,-1.2065943575576372,0.2370173177146725,0.9583910372637972,0,30
Bacteria*Firmicutes*Clostridia*Peptostreptococcales-Tissierellales*Anaerovoracaceae*Mogibacterium,53.85780053852477,-0.2747116566152717,0.5586922731594163,-0.4917047716836527,0.626506685489407,0.9583910372637972,0,30
Bacteria*Desulfobacterota*Desulfovibrionia*Desulfovibrionales*Desulfovibrionaceae*Bilophila,293.98409193842525,-0.36318615110177005,1.0627158992500214,-0.341752815929523,0.7349193789069367,0.9583910372637972,0,30
Bacteria*Patescibacteria*Saccharimonadia*Saccharimonadales*Saccharimonadaceae*Candidatus_Saccharimonas,37.50084495119197,0.36998592517748263,0.5276814125082836,0.7011539849751189,0.4886104036734411,0.9583910372637972,0,30
Bacteria*Firmicutes*Clostridia*Lachnospirales*Lachnospiraceae*Cellulosilyticum,37.50084495119197,0.24752055510930304,0.3184615706327956,0.7772383795554044,0.44310424983782337,0.9583910372637972,0,30
Bacteria*Bacteroidota*Bacteroidia*Flavobacteriales*Weeksellaceae*Bergeyella,50.186150133474676,-0.051060773011654445,0.632193636527371,-0.080767616219819,0.9361631855342332,0.9671279465470146,0,30
Bacteria*Firmicutes*Clostridia*Lachnospirales*Lachnospiraceae*Frisingicoccus,289.68728964298214,-1.6926005294301925,0.9549255074390468,-1.7724948346698464,0.0864685923152849,0.9583910372637972,0,30
Bacteria*Firmicutes*Clostridia*Lachnospirales*Lachnospiraceae*Johnsonella,37.50084495119197,0.3679247920411569,0.5250969815085919,0.7006796934618006,0.48890216166849065,0.9583910372637972,0,30
Bacteria*Firmicutes*Clostridia*Oscillospirales*Ruminococcaceae*Pygmaiobacter,37.50084495119196,-0.01674955583380923,0.13850041462175983,-0.12093505914442008,0.9045488441590894,0.9583910372637972,0,30
Bacteria*Firmicutes*Negativicutes*Veillonellales-Selenomonadales*Selenomonadaceae*Mitsuokella,37.50084495119197,0.3650816751933729,0.5189747365706907,0.7034671429399036,0.4871888904280943,0.9583910372637972,0,30
Bacteria*Firmicutes*Clostridia*Peptococcales*Peptococcaceae*Peptococcus,74.32686782365617,0.11449989963321876,0.8514084849068555,0.13448292055222483,0.8939189155752771,0.9583910372637972,0,30
Bacteria*Actinobacteriota*Actinobacteria*Corynebacteriales*Corynebacteriaceae*Lawsonella,76.45775006429089,-0.20275392072774062,0.8552585932365584,-0.23706738795860346,0.8142159420031652,0.9583910372637972,0,30
Bacteria*Bacteroidota*Bacteroidia*Bacteroidales*Marinifilaceae*Butyricimonas,67.37461092407389,0.017317460694245848,0.7438462357871536,0.023280968379063113,0.9815803186202023,0.9856978611119281,0,30
Bacteria*Firmicutes*Clostridia*Lachnospirales*Lachnospiraceae*Lachnospiraceae_UCG-002,37.50084495119196,-0.01674955583380923,0.13850041462175983,-0.12093505914442008,0.9045488441590894,0.9583910372637972,0,30
Bacteria*Actinobacteriota*Coriobacteriia*Coriobacteriales*Coriobacteriaceae*Enorma,37.50084495119197,0.3582427385203507,0.510414623253012,0.7018661343148277,0.4881725138837282,0.9583910372637972,0,30
Bacteria*Firmicutes*Clostridia*Lachnospirales*Lachnospiraceae*Epulopiscium,37.500844951191965,0.5951856081375769,0.5358869584633724,1.1106551460857346,0.275539682656472,0.9583910372637972,0,30
Bacteria*Firmicutes*Clostridia*Lachnospirales*Lachnospiraceae*Catonella,37.50084495119197,0.35581099975780717,0.5099272785760367,0.6977681224495449,0.49069535885398285,0.9583910372637972,0,30
Bacteria*Firmicutes*Clostridia*Oscillospirales*Ruminococcaceae*Candidatus_Soleaferrea,87.4441367974659,-0.28296316030544255,0.7634829941949092,-0.3706214315930199,0.7135236734222542,0.9583910372637972,0,30
Bacteria*Proteobacteria*Gammaproteobacteria*Pasteurellales*Pasteurellaceae*Mannheimia,57.21248525593446,-0.626156468774172,0.4902349480728611,-1.277257917322348,0.21130822195916343,0.9583910372637972,0,30
Bacteria*Bacteroidota*Bacteroidia*Bacteroidales*Rikenellaceae*Rikenellaceae_RC9_gut_group,51.866951926545894,-0.2417429930870315,0.484339720749399,-0.4991186614077253,0.6213363409198482,0.9583910372637972,0,30
Bacteria*Proteobacteria*Gammaproteobacteria*Pasteurellales*Pasteurellaceae*Aggregatibacter,37.500844951191965,0.34611983630082344,0.4978169755949723,0.6952752784035818,0.4922336146564459,0.9583910372637972,0,30
Bacteria*Firmicutes*Clostridia*Oscillospirales*Oscillospiraceae*UCG-007,37.50084495119197,0.20286631530512872,0.266382680143541,0.7615597049921327,0.4522684023173694,0.9583910372637972,0,30
Bacteria*Firmicutes*Clostridia*Peptostreptococcales-Tissierellales*Peptostreptococcaceae*Filifactor,37.500844951191965,0.3451706811324448,0.4966321839222336,0.6950227800510291,0.4923895748953303,0.9583910372637972,0,30
Bacteria*Firmicutes*Clostridia*Lachnospirales*Defluviitaleaceae*Defluviitaleaceae_UCG-011,102.303552386711,-0.7505903751350774,0.7539596405900392,-0.9955312389767641,0.3274404392963447,0.9583910372637972,0,30
Bacteria*Firmicutes*Clostridia*Peptostreptococcales-Tissierellales*Peptostreptococcales-Tissierellales_fa*Peptoniphilus,74.08668646206907,-0.3374122228740234,0.7063792135893442,-0.4776644278071567,0.6363510911338347,0.9583910372637972,0,30
Bacteria*Actinobacteriota*Coriobacteriia*Coriobacteriales*Atopobiaceae*Libanicoccus,50.43283594975659,-0.08928820309786352,0.5702686972280072,-0.15657216244181107,0.8766309815156926,0.9583910372637972,0,30
Bacteria*Actinobacteriota*Actinobacteria*Micrococcales*Micrococcaceae*Micrococcus,62.697600183956396,-0.7582366771676016,0.45023233529467926,-1.684100891312775,0.10254063660739134,0.9583910372637972,0,30
Bacteria*Firmicutes*Clostridia*Oscillospirales*Oscillospiraceae*Intestinimonas,115.7105813688255,-0.6287369150939093,0.8574115954336766,-0.7332964919559967,0.46906949385605734,0.9583910372637972,0,30
Bacteria*Firmicutes*Negativicutes*Veillonellales-Selenomonadales*Selenomonadaceae*Selenomonas,37.50084495119196,0.26398593637195134,0.39639372572066667,0.6659690081925733,0.5105197894141746,0.9583910372637972,0,30
Bacteria*Firmicutes*Clostridia*Oscillospirales*Ruminococcaceae*DTU089,80.21694424955943,-0.5059451166014726,0.5960040240552056,-0.8488954708040843,0.40266266621580304,0.9583910372637972,0,30
Bacteria*Proteobacteria*Gammaproteobacteria*Burkholderiales*Neisseriaceae*Simonsiella,37.500844951191965,0.33037616943315273,0.47819663949528146,0.6908793206532199,0.4949528313739545,0.9583910372637972,0,30
Bacteria*Firmicutes*Clostridia*Peptostreptococcales-Tissierellales*Anaerovoracaceae*Family_XIII_UCG-001,132.26537739903364,0.25776968640671233,0.8763827695065567,0.294129112729873,0.7706847707418308,0.9583910372637972,0,30
Bacteria*Proteobacteria*Gammaproteobacteria*Burkholderiales*Alcaligenaceae*Achromobacter,37.50084495119197,0.5245381358103463,0.5219018265672586,1.0050513508650232,0.32291031166220474,0.9583910372637972,0,30
Bacteria*Firmicutes*Clostridia*Oscillospirales*Ruminococcaceae*Angelakisella,65.86044322886804,0.6557390941468542,0.7253705383269587,0.9040056901942737,0.3731948080374954,0.9583910372637972,0,30
Bacteria*Firmicutes*Clostridia*Oscillospirales*Ruminococcaceae*UCG-001,37.50084495119196,-0.01674955583380923,0.13850041462175983,-0.12093505914442008,0.9045488441590894,0.9583910372637972,0,30
Bacteria*Firmicutes*Clostridia*Lachnospirales*Lachnospiraceae*Stomatobaculum,37.50084495119196,-0.01674955583380923,0.13850041462175983,-0.12093505914442008,0.9045488441590894,0.9583910372637972,0,30
Bacteria*Firmicutes*Clostridia*Lachnospirales*Lachnospiraceae*Syntrophococcus,108.25133127688393,-1.238651960004642,0.705793458719383,-1.7549779538224914,0.08947221727143159,0.9583910372637972,0,30
Bacteria*Proteobacteria*Gammaproteobacteria*Pseudomonadales*Pseudomonadaceae*Pseudomonas,66.37334479297088,-0.8404304324261787,0.47438770734508434,-1.7716108984561514,0.08661808618778791,0.9583910372637972,0,30
Bacteria*Firmicutes*Clostridia*Oscillospirales*Oscillospiraceae*Oscillospira,64.34371551456634,0.040385844534675225,0.6781677531230521,0.05955140796461211,0.9529078556169548,0.9674007507594179,0,30
Bacteria*Firmicutes*Clostridia*Lachnospirales*Lachnospiraceae*Anaerosporobacter,37.50084495119196,-0.01674955583380923,0.13850041462175983,-0.12093505914442008,0.9045488441590894,0.9583910372637972,0,30
Bacteria*Firmicutes*Clostridia*Oscillospirales*Oscillospirales_fa*Hydrogenoanaerobacterium,49.64866245175009,0.0011850555874544921,0.45682529182927006,0.0025941111594525827,0.9979473746471546,0.9979473746471546,0,30
Bacteria*Bacteroidota*Bacteroidia*Bacteroidales*Prevotellaceae*Prevotellaceae_UCG-003,50.43283594975659,-0.44418980724588963,0.3331107698245801,-1.333459760186694,0.19241808740639252,0.9583910372637972,0,30
Bacteria*Firmicutes*Clostridia*Peptostreptococcales-Tissierellales*Peptostreptococcaceae*Peptoanaerobacter,37.50084495119196,-0.01674955583380923,0.13850041462175983,-0.12093505914442008,0.9045488441590894,0.9583910372637972,0,30
Bacteria*Firmicutes*Bacilli*Erysipelotrichales*Erysipelotrichaceae*Faecalicoccus,37.50084495119197,0.5439360340714743,0.5089354117673891,1.0687722282529681,0.2936970362041401,0.9583910372637972,0,30
Bacteria*Proteobacteria*Gammaproteobacteria*Pseudomonadales*Moraxellaceae*Acinetobacter,49.038373134729994,-0.40373757164836976,0.35217713889356683,-1.146404826039504,0.2606896187114947,0.9583910372637972,0,30
Bacteria*Firmicutes*Clostridia*Lachnospirales*Lachnospiraceae*Howardella,37.500844951191965,0.3102083847215923,0.42218207896067067,0.7347739285506016,0.4681823323328618,0.9583910372637972,0,30
Bacteria*Firmicutes*Bacilli*Erysipelotrichales*Erysipelotrichaceae*Holdemania,53.23704647810515,0.24681846935413537,0.6850529462462271,0.3602910851001901,0.7211538181563862,0.9583910372637972,0,30
Bacteria*Bacteroidota*Bacteroidia*Bacteroidales*Tannerellaceae*Tannerella,37.50084495119196,0.30864017617612566,0.4512310347038801,0.6839958966445436,0.49922761620606315,0.9583910372637972,0,30
Bacteria*Firmicutes*Negativicutes*Veillonellales-Selenomonadales*Veillonellaceae*Allisonella,37.50084495119197,0.5715975912039798,0.5602983727996581,1.0201664308747902,0.3158064026851021,0.9583910372637972,0,30
Bacteria*Firmicutes*Clostridia*Eubacteriales*Eubacteriaceae*Eubacterium,63.55083945311081,-0.44202536000123527,0.49887118345127984,-0.8860510982879889,0.38263768939455634,0.9583910372637972,0,30
Bacteria*Actinobacteriota*Coriobacteriia*Coriobacteriales*Eggerthellaceae*Gordonibacter,53.85780053852476,0.11887768311735823,0.5842136638782777,0.20348322962560267,0.8401313162333346,0.9583910372637972,0,30
Bacteria*Firmicutes*Clostridia*Clostridia_or*Hungateiclostridiaceae*Ruminiclostridium,37.50084495119195,0.21544325365492717,0.3693938447075206,0.5832345523394177,0.5640945922545056,0.9583910372637972,0,30
Bacteria*Firmicutes*Clostridia*Lachnospirales*Lachnospiraceae*UC5-1-2E3,37.500844951191965,0.4797133645980392,0.45485985621605823,1.0546399248962863,0.30001009102828075,0.9583910372637972,0,30
Bacteria*Proteobacteria*Gammaproteobacteria*Xanthomonadales*Xanthomonadaceae*Stenotrophomonas,60.304120166619256,-0.3906420941588576,0.5513327514885205,-0.7085414263966346,0.48407880790043967,0.9583910372637972,0,30
Bacteria*Proteobacteria*Alphaproteobacteria*Sphingomonadales*Sphingomonadaceae*Sphingomonas,46.994675818982316,0.6716308528701919,0.6953410587362265,0.9659013291849504,0.34181599721458145,0.9583910372637972,0,30
Bacteria*Firmicutes*Bacilli*Bacillales*Planococcaceae*Lysinibacillus,37.50084495119196,0.47638231204413045,0.5153624738385204,0.92436360081855,0.3626729592727346,0.9583910372637972,0,30
Bacteria*Firmicutes*Clostridia*Oscillospirales*Ruminococcaceae*Anaerotruncus,68.53000417001492,-0.7135906475955783,0.4938175624762254,-1.445049147335528,0.15880934961250703,0.9583910372637972,0,30
Bacteria*Spirochaetota*Spirochaetia*Spirochaetales*Spirochaetaceae*Treponema,37.500844951191965,0.2907378001414248,0.42914528040186967,0.6774810615863367,0.5032924073364624,0.9583910372637972,0,30
Bacteria*Proteobacteria*Alphaproteobacteria*Rhizobiales*Rhizobiaceae*Ochrobactrum,65.17202285560083,-0.34414204418818867,0.6363735073539144,-0.5407862524308332,0.5926479442730344,0.9583910372637972,0,30
Bacteria*Actinobacteriota*Actinobacteria*Micrococcales*Dermabacteraceae*Brachybacterium,37.50084495119196,0.21544325365492706,0.3118022622136496,0.6909611627747059,0.4949021291851182,0.9583910372637972,0,30
Bacteria*Firmicutes*Clostridia*Peptostreptococcales-Tissierellales*Peptostreptococcales-Tissierellales_fa*Fenollaria,63.49391921374402,-0.313929965041615,0.5939865562071538,-0.5285135863110872,0.6010313705276804,0.9583910372637972,0,30
Bacteria*Proteobacteria*Gammaproteobacteria*Cardiobacteriales*Cardiobacteriaceae*Cardiobacterium,37.500844951191965,0.2821144403411866,0.41855245379312966,0.674024098495961,0.5054567424391048,0.9583910372637972,0,30
Bacteria*Proteobacteria*Gammaproteobacteria*Xanthomonadales*Rhodanobacteraceae*Rhodanobacter,37.50084495119195,0.23096025968553474,0.3883044099826787,0.5947917503585327,0.5564426477795499,0.9583910372637972,0,30
Bacteria*Firmicutes*Bacilli*Lactobacillales*Carnobacteriaceae*Dolosigranulum,52.964649050048635,-0.5148562161254687,0.4319784766815412,-1.1918561778369015,0.24266103875709938,0.9583910372637972,0,30
Bacteria*Actinobacteriota*Coriobacteriia*Coriobacteriales*Eggerthellaceae*Enterorhabdus,52.82244984311688,-0.510977667297383,0.3803531184994964,-1.3434296774355476,0.18920747975385374,0.9583910372637972,0,30
Bacteria*Firmicutes*Bacilli*Bacillales*Bacillaceae*Bacillus,37.50084495119196,-0.01674955583380923,0.13850041462175983,-0.12093505914442008,0.9045488441590894,0.9583910372637972,0,30
Bacteria*Firmicutes*Clostridia*Eubacteriales*Anaerofustaceae*Anaerofustis,37.50084495119197,0.4969984677732206,0.44212551356821633,1.1241117115412473,0.2698802322548866,0.9583910372637972,0,30
Bacteria*Firmicutes*Clostridia*Lachnospirales*Lachnospiraceae*Lactonifactor,37.50084495119196,-0.01674955583380923,0.13850041462175983,-0.12093505914442008,0.9045488441590894,0.9583910372637972,0,30
Bacteria*Firmicutes*Clostridia*Oscillospirales*Ruminococcaceae*Anaerofilum,66.12236303346646,-0.5827450313226247,0.5085067709890554,-1.1459926682769128,0.26085744738700595,0.9583910372637972,0,30
Bacteria*Firmicutes*Clostridia*Lachnospirales*Lachnospiraceae*Hungatella,51.687144672723704,-0.4796319601402789,0.36638388567855107,-1.3090967667750724,0.20044055574034267,0.9583910372637972,0,30
Bacteria*Proteobacteria*Gammaproteobacteria*Burkholderiales*Burkholderiaceae*Lautropia,37.50084495119196,0.2696464668943506,0.403295625106112,0.6686074683388974,0.5088583160903593,0.9583910372637972,0,30
Bacteria*Proteobacteria*Gammaproteobacteria*Burkholderiales*Burkholderiaceae*Limnobacter,37.50084495119196,-0.01674955583380923,0.13850041462175983,-0.12093505914442008,0.9045488441590894,0.9583910372637972,0,30
Archaea*Thermoplasmatota*Thermoplasmata*Methanomassiliicoccales*Methanomassiliicoccaceae*Methanomassiliicoccus,37.50084495119196,-0.01674955583380923,0.13850041462175983,-0.12093505914442008,0.9045488441590894,0.9583910372637972,0,30
Bacteria*Proteobacteria*Gammaproteobacteria*Pseudomonadales*Moraxellaceae*Enhydrobacter,37.50084495119195,0.21544325365492717,0.3693938447075206,0.5832345523394177,0.5640945922545056,0.9583910372637972,0,30
Bacteria*Firmicutes*Clostridia*Oscillospirales*Butyricicoccaceae*UCG-009,74.49005362510829,-0.6609310927042547,0.5140114864600365,-1.285829422326812,0.2083393404434418,0.9583910372637972,0,30
Bacteria*Desulfobacterota*Desulfovibrionia*Desulfovibrionales*Desulfovibrionaceae*Mailhella,63.33932783228046,-0.7729280110631847,0.40104364037090046,-1.9272915295411526,0.06345979024976157,0.9583910372637972,0,30
Bacteria*Firmicutes*Clostridia*Peptostreptococcales-Tissierellales*Peptostreptococcales-Tissierellales_fa*Murdochiella,37.500844951191965,0.12361819026907093,0.20792548745640577,0.5945312033715399,0.5566145668165197,0.9583910372637972,0,30
Bacteria*Firmicutes*Clostridia*Peptostreptococcales-Tissierellales*Peptostreptococcales-Tissierellales_fa*Ezakiella,46.43758925596956,-0.04739008976168535,0.4602823000366329,-0.10295874891976875,0.918680881343853,0.9671279465470146,0,30
Bacteria*Firmicutes*Bacilli*Lactobacillales*Leuconostocaceae*Leuconostoc,87.10889071481313,-1.092278681750189,0.5209946907406605,-2.0965255522995356,0.044571627414066686,0.9583910372637972,0,30
Bacteria*Firmicutes*Clostridia*Peptostreptococcales-Tissierellales*Peptostreptococcaceae*Paeniclostridium,37.50084495119196,-0.01674955583380923,0.13850041462175983,-0.12093505914442008,0.9045488441590894,0.9583910372637972,0,30
Bacteria*Proteobacteria*Gammaproteobacteria*Burkholderiales*Oxalobacteraceae*Janthinobacterium,37.50084495119196,-0.01674955583380923,0.13850041462175983,-0.12093505914442008,0.9045488441590894,0.9583910372637972,0,30
Bacteria*Actinobacteriota*Actinobacteria*Micrococcales*Cellulomonadaceae*Cellulomonas,37.50084495119196,-0.01674955583380923,0.13850041462175983,-0.12093505914442008,0.9045488441590894,0.9583910372637972,0,30
Bacteria*Firmicutes*Clostridia*Oscillospirales*Ruminococcaceae*Phocea,110.11571812327307,-1.5707749652143854,0.5514231246325184,-2.8485837735970674,0.007857943612921444,0.9583910372637972,0,30
Bacteria*Actinobacteriota*Actinobacteria*Micrococcales*Brevibacteriaceae*Brevibacterium,50.18615013347468,-0.43711573244701374,0.3759034535876558,-1.162840426910534,0.25406097051415405,0.9583910372637972,0,30
Bacteria*Actinobacteriota*Actinobacteria*Micrococcales*Micrococcaceae*Kocuria,37.50084495119196,-0.01674955583380923,0.13850041462175983,-0.12093505914442008,0.9045488441590894,0.9583910372637972,0,30
Bacteria*Firmicutes*Bacilli*Lactobacillales*Aerococcaceae*Eremococcus,37.500844951191965,0.2475205551093032,0.39242410740857137,0.6307475775222897,0.5329816805178441,0.9583910372637972,0,30
Bacteria*Actinobacteriota*Actinobacteria*Micrococcales*Dermabacteraceae*Dermabacter,37.50084495119196,-0.01674955583380923,0.13850041462175983,-0.12093505914442008,0.9045488441590894,0.9583910372637972,0,30
Bacteria*Proteobacteria*Gammaproteobacteria*Aeromonadales*Aeromonadaceae*Aeromonas,37.50084495119196,-0.01674955583380923,0.13850041462175983,-0.12093505914442008,0.9045488441590894,0.9583910372637972,0,30
Bacteria*Proteobacteria*Gammaproteobacteria*Burkholderiales*Hydrogenophilaceae*Hydrogenophilus,37.50084495119196,-0.01674955583380923,0.13850041462175983,-0.12093505914442008,0.9045488441590894,0.9583910372637972,0,30
Bacteria*Verrucomicrobiota*Lentisphaeria*Victivallales*Victivallaceae*Victivallis,49.353887504024435,-0.15652603016685013,0.45065709177020996,-0.34732845222074693,0.7307695356269476,0.9583910372637972,0,30
Bacteria*Firmicutes*Bacilli*Erysipelotrichales*Erysipelatoclostridiaceae*Coprobacillus,37.50084495119196,-0.01674955583380923,0.13850041462175983,-0.12093505914442008,0.9045488441590894,0.9583910372637972,0,30
Bacteria*Proteobacteria*Gammaproteobacteria*Burkholderiales*Oxalobacteraceae*Duganella,50.18615013347467,-0.4371157324470135,0.33642847456072966,-1.2992828060043071,0.20374375425874536,0.9583910372637972,0,30
Bacteria*Actinobacteriota*Actinobacteria*Propionibacteriales*Propionibacteriaceae*Propionibacterium,49.925358753661584,-0.42959924836604824,0.36651682654266027,-1.1721133035512779,0.2503759241226249,0.9583910372637972,0,30
Bacteria*Firmicutes*Bacilli*Lactobacillales*Aerococcaceae*Aerococcus,37.50084495119195,0.23096025968553474,0.3883044099826787,0.5947917503585327,0.5564426477795499,0.9583910372637972,0,30
Bacteria*Actinobacteriota*Actinobacteria*Actinomycetales*Actinomycetaceae*Varibaculum,49.038373134729994,-0.1560277561290258,0.42365559430367505,-0.3682891438869696,0.7152437394621232,0.9583910372637972,0,30
Bacteria*Proteobacteria*Gammaproteobacteria*Pseudomonadales*Moraxellaceae*Moraxella,49.64866245175009,-0.2172081633652566,0.45122440630738636,-0.48137503275318955,0.6337427292216203,0.9583910372637972,0,30
Bacteria*Firmicutes*Clostridia*Lachnospirales*Lachnospiraceae*ASF356,37.50084495119196,-0.01674955583380923,0.13850041462175983,-0.12093505914442008,0.9045488441590894,0.9583910372637972,0,30
Bacteria*Firmicutes*Clostridia*Peptostreptococcales-Tissierellales*Peptostreptococcales-Tissierellales_fa*Gallicola,37.50084495119196,-0.01674955583380923,0.13850041462175983,-0.12093505914442008,0.9045488441590894,0.9583910372637972,0,30
Bacteria*Proteobacteria*Gammaproteobacteria*Burkholderiales*Neisseriaceae*Alysiella,37.50084495119196,0.22614949392256944,0.35073434977333773,0.6447885531277979,0.5239646886508386,0.9583910372637972,0,30
Bacteria*Actinobacteriota*Actinobacteria*Actinomycetales*Actinomycetaceae*F0332,49.64866245175008,-0.4215813054277736,0.3256084812086125,-1.294749153532253,0.20528368505705988,0.9583910372637972,0,30
Bacteria*Thermotogota*Thermotogae*Petrotogales*Petrotogaceae*Defluviitoga,37.50084495119196,0.22614949392256944,0.38242781861345754,0.5913521007506835,0.5587144509079345,0.9583910372637972,0,30
Bacteria*Proteobacteria*Gammaproteobacteria*Enterobacterales*Erwiniaceae*Pantoea,37.50084495119196,-0.01674955583380923,0.13850041462175983,-0.12093505914442008,0.9045488441590894,0.9583910372637972,0,30
Bacteria*Actinobacteriota*Coriobacteriia*Coriobacteriales*Atopobiaceae*Atopobium,37.50084495119197,0.5657357074397612,0.42388655348184723,1.334639428386559,0.19203601855602392,0.9583910372637972,0,30
Bacteria*Firmicutes*Clostridia*Clostridiales*Clostridiaceae*Hathewaya,37.50084495119196,-0.01674955583380923,0.13850041462175983,-0.12093505914442008,0.9045488441590894,0.9583910372637972,0,30
Bacteria*Firmicutes*Clostridia*Peptostreptococcales-Tissierellales*Anaerovoracaceae*S5-A14a,37.50084495119196,-0.01674955583380923,0.13850041462175983,-0.12093505914442008,0.9045488441590894,0.9583910372637972,0,30
Bacteria*Firmicutes*Bacilli*Mycoplasmatales*Mycoplasmataceae*Mycoplasma,37.50084495119196,0.22099481927436415,0.3445887217627964,0.6413292290700383,0.5261785859989269,0.9583910372637972,0,30
Bacteria*Proteobacteria*Gammaproteobacteria*Xanthomonadales*Xanthomonadaceae*Luteimonas,37.50084495119196,-0.01674955583380923,0.13850041462175983,-0.12093505914442008,0.9045488441590894,0.9583910372637972,0,30
Bacteria*Fibrobacterota*Fibrobacteria*Fibrobacterales*Fibrobacterales_fa*BBMC-4,37.50084495119195,0.21544325365492717,0.3693938447075206,0.5832345523394177,0.5640945922545056,0.9583910372637972,0,30
Bacteria*Firmicutes*Clostridia*Oscillospirales*Oscillospiraceae*Pseudoflavonifractor,59.84868425305498,-0.691145984243797,0.3701524771615549,-1.8671926486720305,0.0716738175743802,0.9583910372637972,0,30
Bacteria*Proteobacteria*Gammaproteobacteria*Burkholderiales*Burkholderiaceae*Ralstonia,37.50084495119196,-0.01674955583380923,0.13850041462175983,-0.12093505914442008,0.9045488441590894,0.9583910372637972,0,30
Bacteria*Actinobacteriota*Actinobacteria*Corynebacteriales*Dietziaceae*Dietzia,37.50084495119196,-0.01674955583380923,0.13850041462175983,-0.12093505914442008,0.9045488441590894,0.9583910372637972,0,30
Bacteria*Actinobacteriota*Thermoleophilia*Gaiellales*Gaiellaceae*Gaiella,48.69881267567581,-0.39371305217189373,0.3451026802605439,-1.1408577061025726,0.26295496397612905,0.9583910372637972,0,30
Bacteria*Proteobacteria*Gammaproteobacteria*Burkholderiales*Burkholderiaceae*Polynucleobacter,48.69881267567581,-0.39371305217189373,0.3451026802605439,-1.1408577061025726,0.26295496397612905,0.9583910372637972,0,30
Bacteria*Firmicutes*Clostridia*Clostridia_or*Hungateiclostridiaceae*Fastidiosipila,37.50084495119196,-0.01674955583380923,0.13850041462175983,-0.12093505914442008,0.9045488441590894,0.9583910372637972,0,30
Bacteria*Actinobacteriota*Coriobacteriia*Coriobacteriales*Eggerthellaceae*CHKCI002,37.50084495119196,-0.01674955583380923,0.13850041462175983,-0.12093505914442008,0.9045488441590894,0.9583910372637972,0,30
Bacteria*Actinobacteriota*Thermoleophilia*Solirubrobacterales*Solirubrobacteraceae*Solirubrobacter,37.500844951191965,0.20942854196904137,0.3830640291254138,0.5467194151515469,0.5886153102806144,0.9583910372637972,0,30
Bacteria*Firmicutes*Bacilli*Erysipelotrichales*Erysipelotrichaceae*Dielma,37.50084495119196,-0.01674955583380923,0.13850041462175983,-0.12093505914442008,0.9045488441590894,0.9583910372637972,0,30
Bacteria*Proteobacteria*Gammaproteobacteria*Burkholderiales*Oxalobacteraceae*Oxalobacter,37.50084495119196,-0.01674955583380923,0.13850041462175983,-0.12093505914442008,0.9045488441590894,0.9583910372637972,0,30
Bacteria*Actinobacteriota*Actinobacteria*Actinomycetales*Actinomycetaceae*Actinotignum,37.50084495119196,-0.01674955583380923,0.13850041462175983,-0.12093505914442008,0.9045488441590894,0.9583910372637972,0,30
Bacteria*Firmicutes*Bacilli*Lactobacillales*Lactobacillaceae*Pediococcus,37.50084495119196,-0.01674955583380923,0.13850041462175983,-0.12093505914442008,0.9045488441590894,0.9583910372637972,0,30
Bacteria*Bacteroidota*Bacteroidia*Sphingobacteriales*Sphingobacteriaceae*Pedobacter,37.50084495119196,-0.01674955583380923,0.13850041462175983,-0.12093505914442008,0.9045488441590894,0.9583910372637972,0,30
Bacteria*Firmicutes*Clostridia*Oscillospirales*Ruminococcaceae*Harryflintia,46.43758925596956,-0.10550366120662892,0.36177001828582295,-0.29163185414462356,0.7725752195751795,0.9583910372637972,0,30
Bacteria*Proteobacteria*Gammaproteobacteria*Xanthomonadales*Xanthomonadaceae*Xanthomonas,37.50084495119196,-0.01674955583380923,0.13850041462175983,-0.12093505914442008,0.9045488441590894,0.9583910372637972,0,30
Bacteria*Firmicutes*Clostridia*Oscillospirales*Butyricicoccaceae*UCG-008,47.92960537060731,-0.1857215293803866,0.34497000089024854,-0.5383700869672824,0.594293962166119,0.9583910372637972,0,30
Bacteria*Firmicutes*Clostridia*Lachnospirales*Lachnospiraceae*Anaerostignum,47.92960537060731,-0.3707435152874414,0.307571340631149,-1.2053903153871897,0.23747469778680994,0.9583910372637972,0,30
Bacteria*Actinobacteriota*Actinobacteria*Propionibacteriales*Nocardioidaceae*Nocardioides,37.50084495119196,-0.01674955583380923,0.13850041462175983,-0.12093505914442008,0.9045488441590894,0.9583910372637972,0,30
Bacteria*Bacteroidota*Bacteroidia*Flavobacteriales*Weeksellaceae*Cloacibacterium,37.50084495119196,-0.01674955583380923,0.13850041462175983,-0.12093505914442008,0.9045488441590894,0.9583910372637972,0,30
Bacteria*Proteobacteria*Alphaproteobacteria*Rhizobiales*Rhizobiaceae*Mesorhizobium,47.92960537060731,-0.3707435152874416,0.3385906417334657,-1.0949609043810675,0.28224709864963204,0.9583910372637972,0,30
Bacteria*Bacteroidota*Bacteroidia*Cytophagales*Hymenobacteraceae*Hymenobacter,37.50084495119196,-0.01674955583380923,0.13850041462175983,-0.12093505914442008,0.9045488441590894,0.9583910372637972,0,30
Bacteria*Actinobacteriota*Coriobacteriia*Coriobacteriales*Atopobiaceae*Olsenella,37.50084495119197,0.17859497394661666,0.2392278320393427,0.7465476421541347,0.4611475135617449,0.9583910372637972,0,30
Bacteria*Bacteroidota*Bacteroidia*Sphingobacteriales*Lentimicrobiaceae*Lentimicrobium,37.50084495119196,-0.01674955583380923,0.13850041462175983,-0.12093505914442008,0.9045488441590894,0.9583910372637972,0,30
Bacteria*Bacteroidota*Bacteroidia*Bacteroidales*Williamwhitmaniaceae*Blvii28_wastewater-sludge_group,37.50084495119195,0.17859497394661683,0.29495332241441036,0.605502499462238,0.5493989117421003,0.9583910372637972,0,30
Bacteria*Proteobacteria*Gammaproteobacteria*Burkholderiales*Oxalobacteraceae*Massilia,37.50084495119196,-0.01674955583380923,0.13850041462175983,-0.12093505914442008,0.9045488441590894,0.9583910372637972,0,30
Bacteria*Bacteroidota*Bacteroidia*Flavobacteriales*Weeksellaceae*Chryseobacterium,37.50084495119196,0.17859497394661678,0.3250918433171035,0.5493677482778623,0.58681960651888,0.9583910372637972,0,30
Bacteria*Firmicutes*Clostridia*Lachnospirales*Lachnospiraceae*GCA-900066755,37.50084495119195,0.16827243007324605,0.2449825708727269,0.6868751090079251,0.49743704744274697,0.9583910372637972,0,30
Bacteria*Firmicutes*Bacilli*Lactobacillales*Leuconostocaceae*Weissella,46.43758925596955,-0.3251195323455669,0.24543738134718304,-1.3246536878816744,0.19528875025267192,0.9583910372637972,0,30
Bacteria*Bacteroidota*Bacteroidia*Flavobacteriales*Flavobacteriaceae*Flavobacterium,37.50084495119196,-0.01674955583380923,0.13850041462175983,-0.12093505914442008,0.9045488441590894,0.9583910372637972,0,30
Bacteria*Proteobacteria*Alphaproteobacteria*Rhizobiales*Rhizobiaceae*Allorhizobium-Neorhizobium-Pararhizobium-Rhizobium,37.50084495119196,-0.01674955583380923,0.13850041462175983,-0.12093505914442008,0.9045488441590894,0.9583910372637972,0,30
Bacteria*Firmicutes*Bacilli*Lactobacillales*Aerococcaceae*Facklamia,37.50084495119196,-0.01674955583380923,0.13850041462175983,-0.12093505914442008,0.9045488441590894,0.9583910372637972,0,30
Bacteria*Acidobacteriota*Acidobacteriae*Bryobacterales*Bryobacteraceae*Bryobacter,37.50084495119196,0.14174669423830644,0.2819644177480999,0.5027112831128198,0.6188379223076208,0.9583910372637972,0,30
Bacteria*Firmicutes*Clostridia*Oscillospirales*Ethanoligenenaceae*Acetanaerobacterium,37.50084495119196,-0.01674955583380923,0.13850041462175983,-0.12093505914442008,0.9045488441590894,0.9583910372637972,0,30
